1543252169040409050,6.16329574585
1543252169052158758,5.39808082581
1543252169061011599,4.56330108643
1543252169070321886,4.49373579025
1543252169080754931,4.98069095612
1543252169099949983,4.84156084061
1543252169103180808,5.60677576065
1543252169113347134,5.81547117233
1543252169123471117,4.42417097092
1543252169134643691,2.47635102272
1543252169144524966,1.36331093311
1543252169153914941,0.250270962715
1543252169165165640,1.08505094051
1543252169200513929,5.25895118713
1543252169216565553,9.2241563797
1543252169217544717,9.50241565704
1543252169234442327,7.6241607666
1543252169253917326,4.07634592056
1543252169271032280,-0.375814050436
1543252169287598798,-6.77579402924
1543252169305283541,-5.0366692543
1543252169321915528,-0.723639070988
1543252169339993812,-0.514944016933
1543252169356330799,-3.01928400993
1543252169375600434,-0.236684039235
1543252169392636326,1.57200598717
1543252169409603676,1.71113598347
1543252169427392429,1.43287599087
1543252169443719781,2.68504595757
1543252169461092963,0.806790947914
1543252169479658486,-1.55841898918
1543252169496518753,-2.39319896698
1543252169531290898,-2.67145895958
1543252169531799647,1.36331093311
1543252169549798140,6.37199115753
1543252169568245433,6.16329574585
1543252169586797831,4.77199602127
1543252169607634858,-1.48885405064
1543252169624645124,-3.57580399513
1543252169639981697,-5.0366692543
1543252169656870923,-4.34101915359
1543252169674423948,-2.11493897438
1543252169691758068,-0.375814050436
1543252169710168278,0.667660951614
1543252169728052032,-3.15841412544
1543252169746379639,-5.24536418915
1543252169769471399,-2.46276402473
1543252169789868375,-1.21059405804
1543252169808419210,-2.11493897438
1543252169825683851,-1.14102900028
1543252169846386139,-1.00189900398
1543252169864184424,-1.14102900028
1543252169881338127,-0.723639070988
1543252169901969478,0.598095953465
1543252169920022033,-0.306249052286
1543252169937252351,0.806790947914
1543252169955402197,-0.0279890429229
1543252169975025113,-0.306249052286
1543252169993430324,-0.0279890429229
1543252170032674540,1.36331093311
1543252170033170945,1.57200598717
1543252170053656879,2.75461101532
1543252170070156783,-0.236684039235
1543252170088855065,0.598095953465
1543252170106162779,0.737225949764
1543252170122513828,1.08505094051
1543252170140814977,1.43287599087
1543252170156727850,0.598095953465
1543252170176303318,-1.34972405434
1543252170194271030,-1.34972405434
1543252170214350663,-2.60189414024
1543252170235674511,-1.28015899658
1543252170253628942,0.250270962715
1543252170272970817,0.458965957165
1543252170290186551,-0.654074013233
1543252170307572077,-0.167119041085
1543252170325177082,2.68504595757
1543252170343325053,3.03287100792
1543252170360984485,0.458965957165
1543252170379357352,-0.0279890429229
1543252170399020319,2.19809103012
1543252170419657867,1.71113598347
1543252170436941466,1.29374599457
1543252170454413502,0.180705949664
1543252170472130746,0.945920944214
1543252170490198718,0.876355946064
1543252170509279968,1.71113598347
1543252170528377886,2.12852597237
1543252170545380496,0.111140958965
1543252170567029656,-0.236684039235
1543252170584749452,-0.793204069138
1543252170603104923,1.36331093311
1543252170620359928,2.54591584206
1543252170639363627,1.43287599087
1543252170657127068,-0.236684039235
1543252170674917489,-2.04537415504
1543252170693359314,-2.67145895958
1543252170713323583,-2.32363414764
1543252170732213167,-2.39319896698
1543252170747838281,-2.32363414764
1543252170766673490,-0.654074013233
1543252170787218799,0.737225949764
1543252170804772293,0.528530955315
1543252170821809747,0.319835960865
1543252170840326051,1.85026597977
1543252170858153399,2.12852597237
1543252170876525953,-0.0975540429354
1543252170895239548,-1.76711404324
1543252170913647519,-1.48885405064
1543252170935242409,-1.28015899658
1543252170954652877,-2.67145895958
1543252170973386264,-4.4801492691
1543252170993052721,-2.18450403214
1543252171016728178,-1.00189900398
1543252171032595479,-0.0279890429229
1543252171050498295,0.667660951614
1543252171066216013,-2.32363414764
1543252171085892990,-4.96710395813
1543252171100191806,-4.13232421875
1543252171119014359,-3.64536905289
1543252171134713119,-3.50623893738
1543252171152440102,-4.27145385742
1543252171168738131,-5.52362394333
1543252171187889121,-4.89753913879
1543252171204244076,-4.06275892258
1543252171222639547,-1.34972405434
1543252171238809868,-0.654074013233
1543252171256035915,-2.88015413284
1543252171278097835,-6.01057910919
1543252171298822154,-7.2627491951
1543252171318507100,-5.94101381302
1543252171337848923,-6.28883886337
1543252171355360803,-7.12361907959
1543252171375913559,-6.56709909439
1543252171396065328,-6.01057910919
1543252171414392934,-1.07146406174
1543252171434268818,-1.28015899658
1543252171451334553,-6.77579402924
1543252171468454351,-7.68013906479
1543252171486092115,-7.12361907959
1543252171503588891,-6.42796897888
1543252171521197020,-4.89753913879
1543252171538457390,-4.75840902328
1543252171555464480,-5.0366692543
1543252171573027661,-7.74970388412
1543252171590725895,-8.44535446167
1543252171613273906,-8.37578868866
1543252171632093543,-7.95839881897
1543252171651414376,-6.7062292099
1543252171667691207,-2.11493897438
1543252171685603606,-3.78449892998
1543252171703816213,-7.88883399963
1543252171722144133,-7.8192691803
1543252171740000178,-7.68013906479
1543252171758204556,-9.90621948242
1543252171776228101,-9.76708889008
1543252171794341229,-8.02796363831
1543252171814017269,-5.5931892395
1543252171834130288,-1.62798404694
1543252171855225335,-0.306249052286
1543252171869381390,-1.55841898918
1543252171887586758,-1.07146406174
1543252171905030460,2.75461101532
1543252171924106242,6.02416610718
1543252171941531976,1.91983091831
1543252171958749377,2.12852597237
1543252171977027661,2.82417607307
1543252171994781780,1.91983091831
1543252172012962616,1.08505094051
1543252172035204639,1.78070092201
1543252172052102041,2.68504595757
1543252172069282151,-3.43667411804
1543252172087091582,-4.41058397293
1543252172104517316,-2.46276402473
1543252172123414088,-2.94971895218
1543252172142650911,-2.04537415504
1543252172160508675,1.71113598347
1543252172178725292,0.250270962715
1543252172197560137,-7.61057424545
1543252172223976576,-6.49753427505
1543252172240989655,-4.13232421875
1543252172258658357,-5.87144899368
1543252172275958883,-3.92362904549
1543252172294762947,-3.36710906029
1543252172313282532,-7.68013906479
1543252172331361181,-10.3236093521
1543252172348912592,-6.08014392853
1543252172367042960,-3.99319410324
1543252172386232283,-2.39319896698
1543252172420285472,0.737225949764
1543252172437702456,-3.15841412544
1543252172439192973,-8.9323091507
1543252172459806771,-8.30622386932
1543252172477934951,-1.21059405804
1543252172490818093,-0.514944016933
1543252172502433895,-1.41928899288
1543252172514138082,1.01548600197
1543252172526928516,1.36331093311
1543252172538426923,0.0415759570897
1543252172549502414,-0.514944016933
1543252172561166028,-0.793204069138
1543252172572474487,-0.306249052286
1543252172583610342,-7.12361907959
1543252172595369529,-4.13232421875
1543252172607232622,8.31981086731
1543252172618451550,16.1110916138
1543252172630331466,14.4415311813
1543252172641797320,1.78070092201
1543252172653152185,0.528530955315
1543252172668223446,6.99807596207
1543252172685230275,9.98937129974
1543252172696954202,8.18068122864
1543252172708259484,7.20677089691
1543252172719090809,6.16329574585
1543252172729578072,4.84156084061
1543252172742015330,5.39808082581
1543252172753245612,7.27633619308
1543252172763541418,8.04155063629
1543252172775735447,3.24156594276
1543252172788077185,1.08505094051
1543252172800350901,0.111140958965
1543252172812741753,0.250270962715
1543252172826635414,1.57200598717
1543252172840461886,2.26765584946
1543252172853982423,2.82417607307
1543252172867122752,3.31113100052
1543252172880354331,2.05896091461
1543252172892006122,0.876355946064
1543252172905426034,-1.55841898918
1543252172916763347,-2.39319896698
1543252172927640869,-1.97580909729
1543252172939656566,-1.00189900398
1543252172950772005,0.111140958965
1543252172974486107,1.50244092941
1543252172986843157,-2.67145895958
1543252173002942749,-3.29754400253
1543252173012716576,-3.01928400993
1543252173024832846,-1.62798404694
1543252173034966620,0.0415759570897
1543252173045513571,1.29374599457
1543252173056082501,2.61548089981
1543252173066545337,2.05896091461
1543252173076579841,1.01548600197
1543252173087190281,0.876355946064
1543252173097411608,1.85026597977
1543252173108165693,2.47635102272
1543252173118533530,1.08505094051
1543252173128596159,0.528530955315
1543252173139460192,-0.0279890429229
1543252173149927038,-1.14102900028
1543252173159925813,-1.21059405804
1543252173170428754,-1.41928899288
1543252173180600914,-1.83667910099
1543252173191521093,-0.236684039235
1543252173202608979,1.50244092941
1543252173213082440,3.03287100792
1543252173223573193,6.23286104202
1543252173234398060,6.44155597687
1543252173244778188,5.67634105682
1543252173255409930,5.05025577545
1543252173265792089,6.16329574585
1543252173276955288,7.41546583176
1543252173287566458,7.97198581696
1543252173298383772,8.31981086731
1543252173308614526,9.2241563797
1543252173318753144,11.5198011398
1543252173329332230,12.3545808792
1543252173340087722,12.3545808792
1543252173350243996,9.91980552673
1543252173360514698,8.80676555634
1543252173370842586,7.48503112793
1543252173381181881,6.30242586136
1543252173391599874,2.61548089981
1543252173402378074,1.43287599087
1543252173412917473,2.19809103012
1543252173423754266,5.05025577545
1543252173434507935,5.88503599167
1543252173445320458,6.23286104202
1543252173456150220,4.84156084061
1543252173466540609,3.79808592796
1543252173476620217,3.24156594276
1543252173486961178,-1.14102900028
1543252173497524431,-2.11493897438
1543252173507994715,-1.76711404324
1543252173518362083,-1.69754898548
1543252173528272994,-2.53232908249
1543252173540269107,-3.36710906029
1543252173552725792,-6.42796897888
1543252173565363518,-5.0366692543
1543252173576217187,3.24156594276
1543252173586333982,6.16329574585
1543252173596732131,5.88503599167
1543252173607996007,0.528530955315
1543252173618420354,-2.46276402473
1543252173628559181,-3.64536905289
1543252173639447953,-1.14102900028
1543252173649834748,0.458965957165
1543252173661403571,1.85026597977
1543252173670472609,6.30242586136
1543252173680773206,8.52850627899
1543252173691045261,9.91980552673
1543252173701582941,11.0328454971
1543252173711697237,10.0589361191
1543252173722064709,9.43285083771
1543252173732241087,9.78067588806
1543252173742250331,10.7545862198
1543252173752747490,9.98937129974
1543252173762837775,7.13720607758
1543252173772763374,2.40678596497
1543252173783238866,3.51982593536
1543252173795109824,6.37199115753
1543252173803945998,8.80676555634
1543252173814304355,10.8937158585
1543252173824620369,10.6850214005
1543252173835305652,10.0589361191
1543252173846095571,7.41546583176
1543252173856883927,5.74590587616
1543252173867191295,4.42417097092
1543252173877274601,4.7024307251
1543252173887457334,5.53721094131
1543252173901863128,6.30242586136
1543252173918930582,6.58068609238
1543252173937692563,7.0676407814
1543252173956882875,0.0415759570897
1543252173971918720,-3.92362904549
1543252173989574245,-6.49753427505
1543252174007305447,-21.0366191864
1543252174024995608,-25.5583438873
1543252174042887070,-7.88883399963
1543252174063108369,3.79808592796
1543252174082429515,-1.07146406174
1543252174099656968,-10.6714344025
1543252174117448639,-11.8540391922
1543252174135552392,-7.05405426025
1543252174151106568,-1.62798404694
1543252174167882252,-2.88015413284
1543252174184770332,-2.94971895218
1543252174204450174,-0.0279890429229
1543252174220273777,7.34590101242
1543252174238157635,9.2241563797
1543252174255502015,7.0676407814
1543252174272515875,7.6241607666
1543252174289644058,8.80676555634
1543252174307352656,9.98937129974
1543252174323886882,11.0328454971
1543252174340931888,11.4502363205
1543252174358617205,11.3806705475
1543252174375537055,11.3806705475
1543252174391894615,5.46764612198
1543252174408945194,3.93721604347
1543252174427359467,4.00678110123
1543252174446409467,4.07634592056
1543252174464488325,5.67634105682
1543252174485676444,3.17200088501
1543252174502304993,1.29374599457
1543252174522606240,2.19809103012
1543252174540346921,1.57200598717
1543252174557597969,2.75461101532
1543252174574615787,1.43287599087
1543252174592025896,-1.34972405434
1543252174617321036,-1.55841898918
1543252174634895936,-0.723639070988
1543252174652782555,0.180705949664
1543252174674316976,-0.654074013233
1543252174691661199,-3.50623893738
1543252174709921515,-3.92362904549
1543252174728586620,-1.69754898548
1543252174748905628,3.17200088501
1543252174767826931,3.17200088501
1543252174786018444,-1.76711404324
1543252174804713341,-3.71493411064
1543252174822338138,-1.41928899288
1543252174841259441,-3.01928400993
1543252174859510693,-3.71493411064
1543252174875507160,-3.22797894478
1543252174892660291,-0.167119041085
1543252174909788161,0.806790947914
1543252174927460041,-2.60189414024
1543252174944748275,-2.60189414024
1543252174962400467,1.43287599087
1543252174982466767,3.65895605087
1543252175002166818,2.68504595757
1543252175018829950,2.89374089241
1543252175037275004,0.876355946064
1543252175053997250,-1.83667910099
1543252175072014493,-0.793204069138
1543252175089065020,0.180705949664
1543252175106717108,1.71113598347
1543252175124941069,2.05896091461
1543252175141569618,1.78070092201
1543252175159603215,-0.0975540429354
1543252175181027844,0.945920944214
1543252175200516333,0.319835960865
1543252175211867656,-0.236684039235
1543252175222640596,0.945920944214
1543252175234431189,2.26765584946
1543252175245323139,1.15461599827
1543252175257214513,-0.514944016933
1543252175270608748,-3.57580399513
1543252175282562049,-4.41058397293
1543252175293189780,-1.62798404694
1543252175303467357,0.180705949664
1543252175314958367,1.64157092571
1543252175330607804,2.47635102272
1543252175341614493,1.78070092201
1543252175352143683,2.75461101532
1543252175362948706,3.03287100792
1543252175375125809,0.528530955315
1543252175384128284,-0.654074013233
1543252175394140445,-0.375814050436
1543252175404059428,2.19809103012
1543252175414287213,3.79808592796
1543252175425393850,4.56330108643
1543252175434682887,4.00678110123
1543252175445288015,1.71113598347
1543252175456268974,-0.167119041085
1543252175467271601,-1.41928899288
1543252175477883656,-2.67145895958
1543252175488235815,-1.90624403954
1543252175497853706,-1.21059405804
1543252175508120553,0.598095953465
1543252175519019430,0.737225949764
1543252175529391016,-0.0975540429354
1543252175539891873,-0.375814050436
1543252175550239345,-0.514944016933
1543252175560285724,-0.584509015083
1543252175570573717,-0.584509015083
1543252175580900721,-1.21059405804
1543252175590790121,-2.18450403214
1543252175602582901,-2.94971895218
1543252175617462705,-2.81058907509
1543252175622506285,-1.97580909729
1543252175632380529,-1.34972405434
1543252175642884824,1.15461599827
1543252175653809169,1.50244092941
1543252175663573778,2.12852597237
1543252175673885990,2.33722090721
1543252175685307626,1.71113598347
1543252175695037131,1.85026597977
1543252175705213197,2.40678596497
1543252175715469940,3.17200088501
1543252175725297361,4.21547603607
1543252175735652958,5.05025577545
1543252175746033138,4.84156084061
1543252175757896544,4.21547603607
1543252175767156779,4.00678110123
1543252175776970763,4.28504085541
1543252175789214480,4.49373579025
1543252175799776170,4.7024307251
1543252175810308069,4.35460615158
1543252175820665801,4.07634592056
1543252175832180978,5.25895118713
1543252175842492721,6.5111207962
1543252175852924620,6.30242586136
1543252175862989593,4.56330108643
1543252175874119563,2.61548089981
1543252175884591149,0.389400959015
1543252175894823517,0.319835960865
1543252175910745609,0.806790947914
1543252175935576532,3.86765098572
1543252175945367599,3.72852087021
1543252175965980929,1.91983091831
1543252175979979537,1.36331093311
1543252175998102300,0.528530955315
1543252176018909900,0.319835960865
1543252176039184481,-1.83667910099
1543252176059163177,-1.55841898918
1543252176077205367,1.85026597977
1543252176095174902,2.47635102272
1543252176113263655,0.737225949764
1543252176131415169,-1.28015899658
1543252176151645687,-1.69754898548
1543252176166400647,-0.0279890429229
1543252176183512215,0.389400959015
1543252176201429927,-0.514944016933
1543252176220291439,-1.14102900028
1543252176235700720,-2.46276402473
1543252176253917910,-2.53232908249
1543252176272602808,0.945920944214
1543252176289071253,-1.28015899658
1543252176307222089,-2.04537415504
1543252176330880827,-0.445379048586
1543252176345970578,-2.94971895218
1543252176360516111,-4.61927890778
1543252176377164035,-4.27145385742
1543252176396779190,-3.08884906769
1543252176413387739,-4.89753913879
1543252176431206076,-6.56709909439
1543252176450825398,-3.78449892998
1543252176470368783,1.22418093681
1543252176491078675,1.85026597977
1543252176512399711,-1.28015899658
1543252176528501907,-2.39319896698
1543252176545090612,-2.04537415504
1543252176578231825,0.180705949664
1543252176580271507,1.57200598717
1543252176598536197,1.50244092941
1543252176618893642,-0.723639070988
1543252176636262032,-1.00189900398
1543252176655222033,0.598095953465
1543252176672841256,3.10243606567
1543252176689438347,3.65895605087
1543252176708971158,2.33722090721
1543252176727220067,2.19809103012
1543252176743581117,1.50244092941
1543252176762210285,-1.62798404694
1543252176783613196,-2.18450403214
1543252176801963511,-0.514944016933
1543252176818710549,1.08505094051
1543252176853424674,0.528530955315
1543252176856606957,-0.0975540429354
1543252176872746132,-0.236684039235
1543252176891723164,1.57200598717
1543252176911648058,2.61548089981
1543252176932457846,0.389400959015
1543252176950992118,0.667660951614
1543252176971395605,-0.932334065437
1543252176989043474,-1.76711404324
1543252177006111709,-1.83667910099
1543252177025073012,-0.236684039235
1543252177041095000,1.08505094051
1543252177059551773,1.22418093681
1543252177078603544,-2.60189414024
1543252177097672555,-1.07146406174
1543252177114886258,2.68504595757
1543252177132133451,2.89374089241
1543252177148871583,-0.445379048586
1543252177166136641,-3.43667411804
1543252177183560448,-2.74102401733
1543252177201485191,0.111140958965
1543252177218990716,0.598095953465
1543252177238017644,0.319835960865
1543252177255272181,-0.932334065437
1543252177274558639,-0.236684039235
1543252177292933173,5.74590587616
1543252177311800101,4.42417097092
1543252177334740664,2.96330595016
1543252177351710618,4.7024307251
1543252177372254937,5.46764612198
1543252177389807442,1.91983091831
1543252177406899635,1.22418093681
1543252177427008747,0.945920944214
1543252177443553963,0.458965957165
1543252177459740169,1.08505094051
1543252177496501893,-0.306249052286
1543252177498671314,-1.48885405064
1543252177517213504,-0.654074013233
1543252177534404863,0.319835960865
1543252177552436950,-1.76711404324
1543252177570771952,-1.55841898918
1543252177588868049,-2.46276402473
1543252177607218937,-3.22797894478
1543252177628655285,-2.04537415504
1543252177646731591,-1.97580909729
1543252177669158770,-1.83667910099
1543252177686463150,-2.74102401733
1543252177704681486,-3.99319410324
1543252177720850349,-7.74970388412
1543252177738693894,-7.19318389893
1543252177755420568,-5.0366692543
1543252177773006874,-2.81058907509
1543252177791544064,3.58939099312
1543252177807895061,-3.43667411804
1543252177825120014,-6.84535884857
1543252177843522829,-1.34972405434
1543252177861782780,5.53721094131
1543252177883577981,9.01546096802
1543252177899185491,7.41546583176
1543252177918060180,-2.04537415504
1543252177937787262,-3.15841412544
1543252177955368308,-1.14102900028
1543252177975101171,4.35460615158
1543252177994435859,5.25895118713
1543252178017293661,3.03287100792
1543252178035293196,-0.375814050436
1543252178053589761,-7.74970388412
1543252178073067261,-6.63666391373
1543252178088869874,-5.80188417435
1543252178107610448,-3.78449892998
1543252178124167122,-5.0366692543
1543252178141657908,-5.10623407364
1543252178159138174,-5.24536418915
1543252178176376669,-6.08014392853
1543252178194756515,-8.23665904999
1543252178213041830,-8.23665904999
1543252178231525061,-1.76711404324
1543252178252008652,-1.00189900398
1543252178270271050,-5.31492900848
1543252178292113543,-6.42796897888
1543252178309561100,-4.4801492691
1543252178329038600,-4.13232421875
1543252178350535312,2.05896091461
1543252178368287764,5.67634105682
1543252178385717144,3.72852087021
1543252178404017824,-2.60189414024
1543252178421595120,-0.236684039235
1543252178442598970,-1.21059405804
1543252178461103399,0.737225949764
1543252178481845791,0.806790947914
1543252178500208137,-0.0975540429354
1543252178517966005,-2.25406908989
1543252178538756626,-4.06275892258
1543252178558754385,-2.11493897438
1543252178579661672,-0.723639070988
1543252178601286197,-0.167119041085
1543252178615905272,1.50244092941
1543252178626717013,0.945920944214
1543252178636841674,0.250270962715
1543252178649856065,-2.04537415504
1543252178661310357,-2.88015413284
1543252178672584702,-2.11493897438
1543252178682133061,-1.21059405804
1543252178692808449,-0.167119041085
1543252178703032588,0.389400959015
1543252178715585211,0.389400959015
1543252178726234296,-0.584509015083
1543252178737277808,-0.584509015083
1543252178747350177,0.876355946064
1543252178758064939,2.75461101532
1543252178768097360,4.35460615158
1543252178780487952,4.35460615158
1543252178789354438,4.21547603607
1543252178800755605,0.737225949764
1543252178809716883,-1.34972405434
1543252178820418052,-2.25406908989
1543252178832395728,-1.90624403954
1543252178851050417,2.68504595757
1543252178852192445,4.98069095612
1543252178864183923,6.5111207962
1543252178872252860,4.07634592056
1543252178883065539,1.85026597977
1543252178893237386,0.319835960865
1543252178903922566,2.05896091461
1543252178914398110,4.35460615158
1543252178923898137,6.16329574585
1543252178944377248,6.71981573105
1543252178945046153,5.88503599167
1543252178954859772,4.7024307251
1543252178965334379,3.17200088501
1543252178975550653,1.78070092201
1543252178985815157,1.50244092941
1543252178996094556,0.389400959015
1543252179005934790,-0.445379048586
1543252179016987208,0.667660951614
1543252179026720671,1.29374599457
1543252179036712415,0.876355946064
1543252179047687958,0.945920944214
1543252179057509859,1.78070092201
1543252179079997506,1.22418093681
1543252179082428802,0.458965957165
1543252179092123619,1.64157092571
1543252179099070319,1.57200598717
1543252179108831178,0.806790947914
1543252179119682399,-2.81058907509
1543252179129842997,-3.22797894478
1543252179140604738,-3.22797894478
1543252179150569191,-3.64536905289
1543252179160918954,-1.48885405064
1543252179171177520,-0.306249052286
1543252179182279417,0.806790947914
1543252179191884183,0.389400959015
1543252179202556238,-0.0279890429229
1543252179212475065,-0.514944016933
1543252179222535506,-1.41928899288
1543252179234146413,-4.13232421875
1543252179244978935,-5.10623407364
1543252179253235423,-4.82797384262
1543252179263095553,-2.67145895958
1543252179273972711,-1.07146406174
1543252179283980549,0.319835960865
1543252179294524270,2.33722090721
1543252179304755857,4.1459107399
1543252179314679164,4.1459107399
1543252179347278607,4.21547603607
1543252179347349440,0.458965957165
1543252179369312245,-1.97580909729
1543252179388820734,-1.34972405434
1543252179407586517,0.319835960865
1543252179444882562,5.81547117233
1543252179448472031,4.28504085541
1543252179464536467,3.03287100792
1543252179483530478,2.19809103012
1543252179501942876,3.65895605087
1543252179519976265,3.79808592796
1543252179538938661,4.35460615158
1543252179556955436,4.35460615158
1543252179574567315,5.81547117233
1543252179592041643,6.16329574585
1543252179609755501,4.28504085541
1543252179629210709,3.86765098572
1543252179644618271,2.96330595016
1543252179668432426,2.33722090721
1543252179687600655,2.33722090721
1543252179710091688,2.47635102272
1543252179726989403,2.89374089241
1543252179758283797,3.24156594276
1543252179759054993,4.1459107399
1543252179776794841,5.05025577545
1543252179798741240,5.05025577545
1543252179815287810,3.17200088501
1543252179832585211,1.78070092201
1543252179857141134,2.82417607307
1543252179879369460,2.05896091461
1543252179899409405,5.46764612198
1543252179919084665,4.63286590576
1543252179940001275,-1.41928899288
1543252179956867636,-1.97580909729
1543252179973280143,0.111140958965
1543252179990338847,1.98939597607
1543252180010559313,1.36331093311
1543252180026301927,1.64157092571
1543252180045582917,1.98939597607
1543252180065287290,-0.167119041085
1543252180087509105,-6.42796897888
1543252180106121815,-3.99319410324
1543252180125666867,-1.62798404694
1543252180142679789,0.806790947914
1543252180164505772,1.43287599087
1543252180182385828,-0.236684039235
1543252180201588068,-1.41928899288
1543252180219016823,1.64157092571
1543252180236387974,2.61548089981
1543252180253493813,4.28504085541
1543252180271212463,6.65025091171
1543252180291936365,6.44155597687
1543252180310192826,1.78070092201
1543252180329944127,2.05896091461
1543252180349472199,3.93721604347
1543252180367759129,4.84156084061
1543252180385434810,3.93721604347
1543252180404653352,6.71981573105
1543252180422413669,5.18938589096
1543252180440357266,3.24156594276
1543252180458430238,2.33722090721
1543252180476326075,4.42417097092
1543252180497733309,7.27633619308
1543252180515439198,3.45026087761
1543252180534987375,0.667660951614
1543252180552177485,0.667660951614
1543252180573270344,1.71113598347
1543252180589940091,3.10243606567
1543252180608625405,1.36331093311
1543252180627709989,-1.41928899288
1543252180647079155,-2.46276402473
1543252180663357809,0.389400959015
1543252180685969050,0.667660951614
1543252180704478219,-1.14102900028
1543252180721844161,-0.236684039235
1543252180739827602,1.15461599827
1543252180757756981,2.33722090721
1543252180775337246,0.876355946064
1543252180793377405,1.29374599457
1543252180812012407,1.22418093681
1543252180831410948,-1.14102900028
1543252180849471941,-0.932334065437
1543252180869076315,1.15461599827
1543252180886712205,0.180705949664
1543252180904268199,-0.514944016933
1543252180921864923,0.667660951614
1543252180940694507,-0.723639070988
1543252180958685552,-2.74102401733
1543252180976463056,-4.27145385742
1543252180994145092,1.36331093311
1543252181012810927,2.96330595016
1543252181035414668,2.89374089241
1543252181051667072,0.737225949764
1543252181073428732,-2.04537415504
1543252181089480355,-0.932334065437
1543252181107780670,1.50244092941
1543252181125873850,-0.306249052286
1543252181143498490,-0.654074013233
1543252181161161568,0.0415759570897
1543252181178069751,0.876355946064
1543252181194092364,3.31113100052
1543252181212966115,0.876355946064
1543252181233216373,-4.68884420395
1543252181250266535,-6.01057910919
1543252181271286947,-2.81058907509
1543252181287502997,-1.48885405064
1543252181306175446,-3.50623893738
1543252181341130925,-6.77579402924
1543252181349026893,-7.12361907959
1543252181364707528,-2.04537415504
1543252181381662169,0.598095953465
1543252181401011128,-1.07146406174
1543252181418206081,-4.06275892258
1543252181438758421,-3.43667411804
1543252181458498264,-2.60189414024
1543252181481279348,-3.43667411804
1543252181497969980,-3.92362904549
1543252181519119662,-3.29754400253
1543252181530793798,-3.36710906029
1543252181541394811,-2.46276402473
1543252181552165302,-1.97580909729
1543252181562298712,-1.28015899658
1543252181572856132,0.111140958965
1543252181583519801,-0.167119041085
1543252181594073418,-0.723639070988
1543252181604366099,-1.41928899288
1543252181614891383,-1.41928899288
1543252181624924533,-0.862769067287
1543252181635610858,-0.584509015083
1543252181646542495,1.08505094051
1543252181657378872,2.05896091461
1543252181669383475,3.24156594276
1543252181681267610,3.38069605827
1543252181691186906,3.31113100052
1543252181701567919,1.08505094051
1543252181714866373,-0.236684039235
1543252181722721248,-1.21059405804
1543252181733739030,-0.793204069138
1543252181743816711,0.0415759570897
1543252181755064494,0.667660951614
1543252181765161550,1.85026597977
1543252181775135116,1.29374599457
1543252181785993056,0.876355946064
1543252181797319379,0.111140958965
1543252181806681125,-0.584509015083
1543252181816622817,0.319835960865
1543252181827056434,1.71113598347
1543252181840467127,3.58939099312
1543252181849688613,3.86765098572
1543252181860144314,4.07634592056
1543252181870243766,2.68504595757
1543252181881791391,2.12852597237
1543252181891789905,1.85026597977
1543252181901673837,2.26765584946
1543252181912280944,2.05896091461
1543252181923302841,2.19809103012
1543252181934444686,2.96330595016
1543252181944117420,2.96330595016
1543252181956552647,1.71113598347
1543252181967501159,0.945920944214
1543252181978107589,0.806790947914
1543252181990313233,-0.306249052286
1543252182002582106,-1.14102900028
1543252182012328694,0.0415759570897
1543252182023977256,0.458965957165
1543252182043318871,0.528530955315
1543252182044296264,-0.514944016933
1543252182055093943,-4.13232421875
1543252182065310061,-5.0366692543
1543252182076110761,-5.0366692543
1543252182086324171,-4.27145385742
1543252182097170444,-3.64536905289
1543252182108391768,-3.85406398773
1543252182118371897,-3.85406398773
1543252182129911449,-3.15841412544
1543252182140994492,-1.28015899658
1543252182151082382,-1.07146406174
1543252182162659590,-1.90624403954
1543252182181966048,-2.81058907509
1543252182182406828,-2.32363414764
1543252182192608936,-3.36710906029
1543252182203929999,-3.36710906029
1543252182213670702,-3.36710906029
1543252182224569162,-2.60189414024
1543252182238067615,-2.32363414764
1543252182255978661,-1.48885405064
1543252182273447832,-1.07146406174
1543252182291819449,-2.81058907509
1543252182310195233,-3.29754400253
1543252182330717365,-4.27145385742
1543252182349198825,-3.43667411804
1543252182367544140,-1.21059405804
1543252182401361705,1.08505094051
1543252182401430455,-0.445379048586
1543252182418814679,-2.39319896698
1543252182436314163,-4.41058397293
1543252182453881667,-3.29754400253
1543252182471375162,-5.0366692543
1543252182489049072,-4.82797384262
1543252182507206888,-3.36710906029
1543252182525358662,-0.862769067287
1543252182543124864,1.50244092941
1543252182561091326,0.389400959015
1543252182581155386,-0.654074013233
1543252182600428198,-2.11493897438
1543252182619718407,-0.723639070988
1543252182637170391,-2.11493897438
1543252182654738208,-2.46276402473
1543252182672605972,-4.4801492691
1543252182690009102,-3.22797894478
1543252182708503792,-1.76711404324
1543252182726432077,-1.14102900028
1543252182744523434,-1.76711404324
1543252182762475156,0.458965957165
1543252182780389066,-0.0975540429354
1543252182799313963,-3.01928400993
1543252182817401050,-2.32363414764
1543252182835734750,-2.18450403214
1543252182853647879,-1.14102900028
1543252182871062988,2.96330595016
1543252182888658409,3.38069605827
1543252182906911745,0.389400959015
1543252182925066436,-3.15841412544
1543252182962044877,-0.654074013233
1543252182963334614,2.12852597237
1543252182981000347,1.15461599827
1543252183001426021,-1.34972405434
1543252183018756547,-0.584509015083
1543252183038841128,-0.793204069138
1543252183056807955,-0.236684039235
1543252183075250717,0.876355946064
1543252183092379109,1.50244092941
1543252183113235927,2.89374089241
1543252183128201303,0.667660951614
1543252183147798698,1.43287599087
1543252183166034274,-1.41928899288
1543252183185329795,0.250270962715
1543252183204942711,0.111140958965
1543252183221568655,1.01548600197
1543252183242885525,1.98939597607
1543252183260697768,2.26765584946
1543252183278731938,-0.375814050436
1543252183314787206,-0.793204069138
1543252183316803606,-1.14102900028
1543252183334296892,1.08505094051
1543252183352318979,0.180705949664
1543252183368055291,0.876355946064
1543252183385166859,2.47635102272
1543252183402868895,0.458965957165
1543252183420331608,-1.07146406174
1543252183437171146,-2.94971895218
1543252183454786671,-1.00189900398
1543252183471736625,0.945920944214
1543252183490329127,1.78070092201
1543252183507988506,1.15461599827
1543252183526606008,-0.862769067287
1543252183547814493,0.0415759570897
1543252183568302562,4.63286590576
1543252183599452843,4.28504085541
1543252183614532906,-0.584509015083
1543252183630392655,-0.0279890429229
1543252183643931160,5.18938589096
1543252183654968266,5.39808082581
1543252183665907663,4.84156084061
1543252183677010393,3.31113100052
1543252183686618440,3.17200088501
1543252183698731012,2.19809103012
1543252183708507704,2.12852597237
1543252183719491112,2.05896091461
1543252183730828165,1.91983091831
1543252183741211366,1.57200598717
1543252183750485820,1.08505094051
1543252183759939180,0.180705949664
1543252183780745790,-0.306249052286
1543252183782236203,-0.167119041085
1543252183791638365,0.667660951614
1543252183801420526,1.78070092201
1543252183812007164,2.89374089241
1543252183821331462,3.03287100792
1543252183842178385,3.31113100052
1543252183843943692,1.57200598717
1543252183853502000,0.598095953465
1543252183864135617,-0.0279890429229
1543252183874525433,1.36331093311
1543252183884958061,3.17200088501
1543252183895628657,2.82417607307
1543252183906359722,2.54591584206
1543252183916827923,2.61548089981
1543252183926280137,1.85026597977
1543252183938943123,0.0415759570897
1543252183949814188,-2.74102401733
1543252183960114108,-1.83667910099
1543252183970481632,-1.21059405804
1543252183982078423,-1.55841898918
1543252183993847558,-0.932334065437
1543252184004519509,-2.94971895218
1543252184014348857,-4.20188903809
1543252184025514660,-5.87144899368
1543252184036136767,-9.41926383972
1543252184047685902,-9.97578430176
1543252184058635821,-10.2540435791
1543252184067416995,-8.58448410034
1543252184078387903,-7.74970388412
1543252184088445584,-6.84535884857
1543252184099291909,-5.94101381302
1543252184109624954,-4.68884420395
1543252184119649927,-4.06275892258
1543252184129805420,-3.22797894478
1543252184140885963,-1.28015899658
1543252184151741194,-0.793204069138
1543252184161940073,-0.723639070988
1543252184171136975,-0.723639070988
1543252184181462624,0.250270962715
1543252184191263483,0.528530955315
1543252184202505640,0.737225949764
1543252184213291653,3.10243606567
1543252184222464961,3.51982593536
1543252184232400351,2.82417607307
1543252184242558240,0.180705949664
1543252184253005035,-2.74102401733
1543252184263394851,-1.00189900398
1543252184275235392,1.98939597607
1543252184285782603,4.00678110123
1543252184296530855,3.38069605827
1543252184307148326,2.26765584946
1543252184318452150,2.19809103012
1543252184328252124,2.68504595757
1543252184339235063,2.75461101532
1543252184360231464,-0.0975540429354
1543252184377457459,-0.167119041085
1543252184394776006,1.64157092571
1543252184411888721,-1.14102900028
1543252184429708933,-3.01928400993
1543252184452158195,-2.11493897438
1543252184467555549,-3.29754400253
1543252184485070606,-1.62798404694
1543252184504192846,-1.55841898918
1543252184522674098,-0.236684039235
1543252184544246592,0.458965957165
1543252184577312961,1.50244092941
1543252184580754931,-0.0975540429354
1543252184599530193,0.667660951614
1543252184620773156,0.0415759570897
1543252184637418788,-1.62798404694
1543252184653765932,-2.25406908989
1543252184689197451,-8.51491928101
1543252184693758532,-10.4627389908
1543252184711327807,-7.54100894928
1543252184729701977,-5.31492900848
1543252184749938536,-5.10623407364
1543252184770600199,1.91983091831
1543252184789556138,5.67634105682
1543252184807123799,4.07634592056
1543252184825398020,1.29374599457
1543252184845989735,-1.34972405434
1543252184863414115,-2.18450403214
1543252184880959016,-1.90624403954
1543252184898285375,-0.584509015083
1543252184916889127,1.91983091831
1543252184933777102,-0.584509015083
1543252184951471482,2.54591584206
1543252184968937424,8.45894050598
1543252184986344148,13.3284912109
1543252185003405872,11.7980613708
1543252185020164629,8.18068122864
1543252185037730519,1.22418093681
1543252185055548492,-1.76711404324
1543252185072425894,-1.69754898548
1543252185089058766,-0.514944016933
1543252185107501945,0.876355946064
1543252185124862888,-3.01928400993
1543252185143194766,-1.83667910099
1543252185160487323,-2.32363414764
1543252185177609464,-3.57580399513
1543252185196325091,-2.67145895958
1543252185215298633,-2.25406908989
1543252185233631657,0.319835960865
1543252185250329216,1.15461599827
1543252185269149426,-3.43667411804
1543252185286617243,-9.83665370941
1543252185304991933,-6.91492414474
1543252185332572379,-3.15841412544
1543252185349350251,-3.92362904549
1543252185367699576,-5.0366692543
1543252185403377136,-7.40187883377
1543252185420813964,-10.7409992218
1543252185438455374,-9.34969902039
1543252185438860217,-3.01928400993
1543252185459831931,1.15461599827
1543252185477286988,-0.0279890429229
1543252185492781738,-3.15841412544
1543252185513608036,-9.1410036087
1543252185531323092,-5.38449382782
1543252185557615209,-0.723639070988
1543252185575211411,-0.167119041085
1543252185594004746,-0.375814050436
1543252185613333756,-1.34972405434
1543252185632450996,-0.167119041085
1543252185651730111,2.68504595757
1543252185684802313,1.91983091831
1543252185690141361,0.319835960865
1543252185709589434,0.876355946064
1543252185725490953,4.49373579025
1543252185743909393,3.93721604347
1543252185763359184,2.26765584946
1543252185782949444,0.319835960865
1543252185800344605,0.389400959015
1543252185817468517,0.528530955315
1543252185853472639,-0.723639070988
1543252185873694511,-0.793204069138
1543252185875457475,-0.445379048586
1543252185892167066,0.180705949664
1543252185914291954,-1.97580909729
1543252185936683977,-1.97580909729
1543252185960279486,-1.69754898548
1543252185977206836,-0.793204069138
1543252186000394846,-2.25406908989
1543252186018302662,-1.83667910099
1543252186036049073,0.0415759570897
1543252186069262681,0.945920944214
1543252186071648768,-0.167119041085
1543252186089306637,-0.723639070988
1543252186107288099,-1.28015899658
1543252186126943046,-2.11493897438
1543252186145884974,-1.76711404324
1543252186164771850,-1.97580909729
1543252186182486646,-0.654074013233
1543252186199833891,0.250270962715
1543252186217129730,-1.28015899658
1543252186234613745,0.598095953465
1543252186252030521,-2.81058907509
1543252186269676931,-6.63666391373
1543252186288953025,-4.96710395813
1543252186306329332,-2.04537415504
1543252186326836412,-0.0279890429229
1543252186342444652,-5.38449382782
1543252186359392262,-7.05405426025
1543252186377834400,-2.88015413284
1543252186398937207,-0.793204069138
1543252186433108834,-0.514944016933
1543252186434152529,-0.236684039235
1543252186453330290,-0.723639070988
1543252186468612332,-1.76711404324
1543252186489390609,-5.31492900848
1543252186510872009,-10.6714344025
1543252186527065403,-7.47144412994
1543252186546055404,-1.83667910099
1543252186563868220,-1.21059405804
1543252186582976033,-6.35840415955
1543252186600411767,-1.97580909729
1543252186621118378,1.85026597977
1543252186640454107,-1.55841898918
1543252186679157023,-3.64536905289
1543252186680442020,-1.97580909729
1543252186701348578,-0.793204069138
1543252186716440256,-0.932334065437
1543252186735546142,-1.21059405804
1543252186753413698,-1.55841898918
1543252186770795422,-2.94971895218
1543252186791943646,-3.08884906769
1543252186808159227,-2.04537415504
1543252186828733807,-0.862769067287
1543252186851056872,-0.723639070988
1543252186868607814,0.598095953465
1543252186886763807,2.47635102272
1543252186903414126,-0.445379048586
1543252186922531418,-1.55841898918
1543252186943077873,3.79808592796
1543252186977985539,1.43287599087
1543252186980709542,-0.306249052286
1543252186997846267,1.08505094051
1543252187015720073,2.75461101532
1543252187033276328,0.806790947914
1543252187050888155,0.806790947914
1543252187070277009,1.29374599457
1543252187087395192,-0.862769067287
1543252187106034621,-1.69754898548
1543252187126020765,-2.53232908249
1543252187142629730,-1.28015899658
1543252187162262229,1.29374599457
1543252187183841077,2.12852597237
1543252187201581186,0.319835960865
1543252187219954990,-2.04537415504
1543252187238047441,-4.82797384262
1543252187258375720,-2.18450403214
1543252187273666355,0.945920944214
1543252187292714533,5.25895118713
1543252187312080731,5.39808082581
1543252187336510977,-3.15841412544
1543252187353894681,-4.27145385742
1543252187372248850,4.07634592056
1543252187391048122,9.36328601837
1543252187409265729,5.32851600647
1543252187427967397,-5.0366692543
1543252187465058651,-5.87144899368
1543252187465867191,0.945920944214
1543252187482613760,6.85894584656
1543252187499963244,5.39808082581
1543252187517177052,6.02416610718
1543252187536302834,4.91112613678
1543252187552754508,1.71113598347
1543252187570949146,-0.0279890429229
1543252187588579880,0.180705949664
1543252187606354520,3.86765098572
1543252187624630408,8.737200737
1543252187643714679,10.0589361191
1543252187673195225,4.28504085541
1543252187679618957,-0.445379048586
1543252187697971512,1.78070092201
1543252187718278905,5.46764612198
1543252187734602038,5.18938589096
1543252187750724026,1.71113598347
1543252187769592204,1.36331093311
1543252187788166893,0.667660951614
1543252187806928666,-2.67145895958
1543252187824238983,-2.81058907509
1543252187843872576,1.29374599457
1543252187862925806,0.598095953465
1543252187879763886,0.111140958965
1543252187913540253,0.876355946064
1543252187914464417,1.08505094051
1543252187932922127,-0.167119041085
1543252187952035513,-0.445379048586
1543252187968100574,-0.236684039235
1543252187986137452,0.945920944214
1543252188003968446,1.22418093681
1543252188022012408,1.08505094051
1543252188037454814,1.71113598347
1543252188056889241,2.82417607307
1543252188073819195,-0.723639070988
1543252188093175236,0.945920944214
1543252188110016858,2.05896091461
1543252188129575711,3.24156594276
1543252188150224093,2.89374089241
1543252188168332325,3.38069605827
1543252188187113160,3.24156594276
1543252188206517535,1.91983091831
1543252188224606288,0.111140958965
1543252188241944366,0.598095953465
1543252188259946297,3.17200088501
1543252188278414788,3.03287100792
1543252188297367393,3.79808592796
1543252188315671615,0.528530955315
1543252188336868797,-1.21059405804
1543252188355119894,0.876355946064
1543252188373265418,-0.236684039235
1543252188391518962,1.08505094051
1543252188426813606,6.71981573105
1543252188430979637,8.80676555634
1543252188446952823,9.36328601837
1543252188469743074,6.09373092651
1543252188484922460,0.876355946064
1543252188503082098,-0.236684039235
1543252188523810740,7.69372606277
1543252188545074225,11.5198011398
1543252188567581664,4.42417097092
1543252188591756390,-3.43667411804
1543252188611422639,-3.50623893738
1543252188630708785,-3.50623893738
1543252188648675455,-1.55841898918
1543252188664862755,-1.83667910099
1543252188674907832,-2.11493897438
1543252188686188427,-2.88015413284
1543252188697217512,-3.01928400993
1543252188707122589,-3.78449892998
1543252188717969227,-3.85406398773
1543252188728468052,-3.29754400253
1543252188739398596,-2.60189414024
1543252188750168879,-4.75840902328
1543252188760725726,-5.0366692543
1543252188772628194,-6.7062292099
1543252188784317537,-3.85406398773
1543252188794428083,-0.375814050436
1543252188806346696,2.12852597237
1543252188817130990,0.250270962715
1543252188828216689,-1.21059405804
1543252188839701554,-1.21059405804
1543252188850445900,0.598095953465
1543252188860752539,2.61548089981
1543252188871036261,4.7024307251
1543252188881985555,4.84156084061
1543252188891938497,5.32851600647
1543252188902632270,7.90242099762
1543252188913462136,8.31981086731
1543252188923688411,7.6241607666
1543252188937186656,6.65025091171
1543252188946411787,6.85894584656
1543252188957922225,8.1111164093
1543252188968584696,9.43285083771
1543252188979258209,11.7980613708
1543252188990073648,10.2676305771
1543252189000473568,6.65025091171
1543252189010888488,4.1459107399
1543252189022297363,3.38069605827
1543252189032800095,3.86765098572
1543252189042686319,4.91112613678
1543252189053078009,8.31981086731
1543252189064253813,8.25024604797
1543252189074135453,7.34590101242
1543252189084425685,5.74590587616
1543252189095890238,1.64157092571
1543252189106354636,0.876355946064
1543252189116580234,1.50244092941
1543252189136726377,4.49373579025
1543252189137193199,5.60677576065
1543252189147098693,6.30242586136
1543252189157970383,7.27633619308
1543252189169244779,7.41546583176
1543252189181359174,6.85894584656
1543252189194000962,6.02416610718
1543252189204091977,5.60677576065
1543252189214609344,3.58939099312
1543252189225126035,1.85026597977
1543252189237398137,1.50244092941
1543252189248006598,3.10243606567
1543252189259337453,3.72852087021
1543252189269100135,4.98069095612
1543252189280289115,5.954600811
1543252189290502264,6.71981573105
1543252189302351920,3.58939099312
1543252189311812936,0.737225949764
1543252189324393944,-0.167119041085
1543252189338783592,-0.654074013233
1543252189358398279,-0.862769067287
1543252189359085204,-0.932334065437
1543252189371721212,-0.167119041085
1543252189388995644,1.71113598347
1543252189408114030,-0.584509015083
1543252189424612840,-4.68884420395
1543252189441189306,-1.90624403954
1543252189461693521,1.36331093311
1543252189476839938,2.19809103012
1543252189500747738,1.08505094051
1543252189517305454,-2.11493897438
1543252189535305249,-1.83667910099
1543252189552779629,-0.514944016933
1543252189570927705,-3.22797894478
1543252189588512502,-3.50623893738
1543252189607600627,-1.90624403954
1543252189625149278,-3.01928400993
1543252189641844024,-7.95839881897
1543252189666413698,-7.2627491951
1543252189683651307,-5.45405912399
1543252189699810326,-4.89753913879
1543252189717960277,-3.08884906769
1543252189734904242,-1.14102900028
1543252189753861066,-0.932334065437
1543252189769721492,-2.11493897438
1543252189787729828,-1.97580909729
1543252189804471867,-1.83667910099
1543252189822203694,-2.11493897438
1543252189841394319,-2.25406908989
1543252189858775835,-1.34972405434
1543252189880148069,-0.584509015083
1543252189898585258,-0.584509015083
1543252189916900469,-0.375814050436
1543252189939824105,-1.07146406174
1543252189955350938,-0.167119041085
1543252189972930162,0.250270962715
1543252189991595216,1.01548600197
1543252190013478386,1.01548600197
1543252190032689792,2.12852597237
1543252190053387757,2.26765584946
1543252190071140626,1.01548600197
1543252190092305725,-1.62798404694
1543252190109987761,-0.723639070988
1543252190127622296,0.528530955315
1543252190146340527,0.389400959015
1543252190162997670,1.57200598717
1543252190179512729,5.25895118713
1543252190199243718,6.5111207962
1543252190216908566,0.528530955315
1543252190235798306,0.876355946064
1543252190253392894,4.91112613678
1543252190274044349,5.60677576065
1543252190289053007,3.51982593536
1543252190306403168,4.28504085541
1543252190324501713,3.79808592796
1543252190347772744,1.71113598347
1543252190366426235,1.57200598717
1543252190386270661,3.03287100792
1543252190406428106,0.319835960865
1543252190421177129,-0.236684039235
1543252190441844417,2.61548089981
1543252190458532341,2.40678596497
1543252190475693440,-0.375814050436
1543252190493100529,-2.53232908249
1543252190510692721,-4.06275892258
1543252190528929599,-1.14102900028
1543252190546163458,-1.83667910099
1543252190563213152,-3.29754400253
1543252190582205861,-3.85406398773
1543252190600217323,-2.81058907509
1543252190616958424,-2.88015413284
1543252190635377593,-2.67145895958
1543252190652321661,-0.793204069138
1543252190670513383,0.667660951614
1543252190687845784,0.528530955315
1543252190704968394,-0.793204069138
1543252190722808919,-4.06275892258
1543252190739536322,-5.38449382782
1543252190757141743,-5.80188417435
1543252190775047841,-4.13232421875
1543252190792679251,-2.11493897438
1543252190810409360,-1.62798404694
1543252190828096708,-1.62798404694
1543252190845741608,-1.41928899288
1543252190863337811,0.737225949764
1543252190881046565,1.50244092941
1543252190898893808,1.15461599827
1543252190916223085,2.33722090721
1543252190933795746,4.77199602127
1543252190951633145,3.79808592796
1543252190970373459,0.945920944214
1543252190987983828,-1.55841898918
1543252191007264818,0.737225949764
1543252191025006593,5.81547117233
1543252191042250922,3.51982593536
1543252191058802544,0.737225949764
1543252191076185622,-1.55841898918
1543252191094333281,0.737225949764
1543252191114276456,5.32851600647
1543252191131847086,4.98069095612
1543252191150846306,2.61548089981
1543252191168735632,2.75461101532
1543252191186600897,2.33722090721
1543252191205106368,0.806790947914
1543252191223923452,0.806790947914
1543252191242453715,2.75461101532
1543252191260592780,3.93721604347
1543252191280096842,1.50244092941
1543252191299688300,-0.445379048586
1543252191317687210,0.806790947914
1543252191337396323,2.47635102272
1543252191353699821,0.528530955315
1543252191373504403,-0.167119041085
1543252191391367896,2.75461101532
1543252191413678565,3.72852087021
1543252191430415551,2.61548089981
1543252191449793468,-1.48885405064
1543252191467921700,-0.236684039235
1543252191487699667,1.15461599827
1543252191506623627,-0.375814050436
1543252191523702799,-1.76711404324
1543252191544132484,-2.25406908989
1543252191562088581,-1.14102900028
1543252191581454779,-1.14102900028
1543252191615663437,-2.25406908989
1543252191616435570,-2.25406908989
1543252191635489998,-0.584509015083
1543252191654171406,0.876355946064
1543252191672808908,1.78070092201
1543252191689885111,2.19809103012
1543252191708823394,-0.584509015083
1543252191727144073,-1.07146406174
1543252191748580213,4.63286590576
1543252191765258346,6.5111207962
1543252191783006943,5.46764612198
1543252191800210074,4.49373579025
1543252191819546949,5.53721094131
1543252191839478822,5.74590587616
1543252191857145337,2.19809103012
1543252191877026690,1.43287599087
1543252191894807579,1.98939597607
1543252191913774247,3.24156594276
1543252191931964198,5.39808082581
1543252191949731806,3.79808592796
1543252191967598060,-0.932334065437
1543252191984870253,-2.39319896698
1543252192002806559,-1.48885405064
1543252192019983648,-1.69754898548
1543252192040290260,-0.932334065437
1543252192056693392,-1.76711404324
1543252192075492560,-2.39319896698
1543252192094382978,-4.82797384262
1543252192110180019,-7.33231401443
1543252192131048661,-6.98448896408
1543252192150464910,-4.96710395813
1543252192167603770,2.68504595757
1543252192185633201,3.45026087761
1543252192202534666,1.01548600197
1543252192221629250,-1.48885405064
1543252192237785560,-1.97580909729
1543252192256826394,-1.28015899658
1543252192275354677,-2.46276402473
1543252192294006815,-0.862769067287
1543252192330940309,-0.0279890429229
1543252192331136662,-0.445379048586
1543252192349769320,-0.236684039235
1543252192366960055,0.806790947914
1543252192386334118,-0.0279890429229
1543252192405129275,-1.55841898918
1543252192424057766,1.36331093311
1543252192441514177,2.96330595016
1543252192459496108,4.7024307251
1543252192477291685,1.57200598717
1543252192495541896,-1.48885405064
1543252192515722050,-1.48885405064
1543252192533307315,0.598095953465
1543252192550266227,3.93721604347
1543252192567406910,0.737225949764
1543252192584647333,-1.69754898548
1543252192619158906,-1.34972405434
1543252192620354059,-2.25406908989
1543252192638261980,-1.07146406174
1543252192657057241,2.75461101532
1543252192679731607,-1.97580909729
1543252192696755416,-4.82797384262
1543252192717362756,-3.29754400253
1543252192735708019,-0.862769067287
1543252192754064480,2.96330595016
1543252192771581203,5.18938589096
1543252192790650943,5.18938589096
1543252192810721254,3.51982593536
1543252192834296242,-0.0279890429229
1543252192849821669,-1.55841898918
1543252192868255474,0.667660951614
1543252192887814223,0.458965957165
1543252192907645524,-0.932334065437
1543252192925607298,0.876355946064
1543252192943724124,0.598095953465
1543252192961534024,0.458965957165
1543252192980378817,3.03287100792
1543252192999768452,3.45026087761
1543252193033547736,1.08505094051
1543252193033596955,-0.723639070988
1543252193051479406,-0.167119041085
1543252193069064151,3.86765098572
1543252193088691285,3.79808592796
1543252193106990455,0.876355946064
1543252193125917695,-0.445379048586
1543252193144379989,0.528530955315
1543252193164833371,3.10243606567
1543252193183082749,1.43287599087
1543252193200956607,1.78070092201
1543252193218637914,0.319835960865
1543252193236790677,-1.14102900028
1543252193257163799,0.598095953465
1543252193274848804,0.667660951614
1543252193291077198,-0.236684039235
1543252193308729337,-1.62798404694
1543252193336094836,-1.97580909729
1543252193355011660,-3.50623893738
1543252193370570473,-3.64536905289
1543252193388388706,-0.306249052286
1543252193405802669,1.50244092941
1543252193425202044,0.528530955315
1543252193442942048,-1.00189900398
1543252193461219968,-0.584509015083
1543252193480091011,1.15461599827
1543252193496690289,1.64157092571
1543252193515167843,-0.862769067287
1543252193532424984,0.111140958965
1543252193551256391,1.22418093681
1543252193578178715,1.98939597607
1543252193597741995,0.945920944214
1543252193620215476,-0.584509015083
1543252193637570013,0.0415759570897
1543252193655543818,-0.167119041085
1543252193672956376,-1.48885405064
1543252193686722432,-2.39319896698
1543252193698165683,-1.62798404694
1543252193707770344,-1.28015899658
1543252193718141254,-1.07146406174
1543252193728281904,-0.375814050436
1543252193738807240,-0.306249052286
1543252193749236274,-0.306249052286
1543252193759696090,-0.0975540429354
1543252193770468613,0.319835960865
1543252193781599572,0.0415759570897
1543252193791463243,-0.375814050436
1543252193801727435,-1.14102900028
1543252193813407611,-1.48885405064
1543252193823804771,-0.654074013233
1543252193835188282,-0.793204069138
1543252193845673149,-1.34972405434
1543252193855903643,-1.00189900398
1543252193866188719,-0.0975540429354
1543252193876629680,0.389400959015
1543252193886172311,0.528530955315
1543252193896219888,-0.0279890429229
1543252193906761422,-0.723639070988
1543252193917720247,-1.00189900398
1543252193927244544,-1.83667910099
1543252193938349618,-1.48885405064
1543252193948642924,-0.167119041085
1543252193958708574,1.71113598347
1543252193968915994,4.00678110123
1543252193979589194,4.1459107399
1543252193991181871,4.28504085541
1543252194004317253,3.17200088501
1543252194013890664,1.64157092571
1543252194036017063,-1.28015899658
1543252194036266229,-1.28015899658
1543252194047078283,-0.723639070988
1543252194069590254,1.01548600197
1543252194078323303,2.26765584946
1543252194078835645,2.82417607307
1543252194100448556,1.15461599827
1543252194101205898,0.319835960865
1543252194114511539,0.528530955315
1543252194123137193,1.85026597977
1543252194134583776,2.40678596497
1543252194143698648,1.71113598347
1543252194155397001,1.01548600197
1543252194166230045,0.319835960865
1543252194175188198,1.50244092941
1543252194188138632,2.61548089981
1543252194197876574,3.17200088501
1543252194207317538,1.36331093311
1543252194218444123,-0.0975540429354
1543252194228889303,-0.514944016933
1543252194240193856,0.458965957165
1543252194250462214,0.250270962715
1543252194261419320,-0.0279890429229
1543252194272933039,-1.48885405064
1543252194283466396,-2.04537415504
1543252194293053922,-1.97580909729
1543252194303620508,-0.932334065437
1543252194314375583,-0.514944016933
1543252194324626962,-0.167119041085
1543252194337416198,-0.0975540429354
1543252194350808453,-0.167119041085
1543252194360597646,0.180705949664
1543252194371376419,0.389400959015
1543252194381455350,0.598095953465
1543252194393851671,1.36331093311
1543252194411768393,1.98939597607
1543252194430416207,2.47635102272
1543252194448246420,1.85026597977
