1543252169114494475,-9.56763267517
1543252169123872418,-11.3763227463
1543252169134642233,-11.7937135696
1543252169143951166,-10.3328485489
1543252169154671345,-8.73285293579
1543252169165781159,-9.28937339783
1543252169182601634,-9.98502349854
1543252169200706064,-8.10676860809
1543252169217230707,-6.15894794464
1543252169250669419,-3.86330318451
1543252169251656030,-6.43720817566
1543252169270910510,-5.11547327042
1543252169287819474,0.867116868496
1543252169321491883,1.9801568985
1543252169324346615,-1.3589631319
1543252169357056110,-3.86330318451
1543252169358985167,-3.51547813416
1543252169391890859,2.67580676079
1543252169393873927,-0.106793142855
1543252169411394869,-3.58504319191
1543252169428229927,-4.41982316971
1543252169445323631,-6.6459031105
1543252169462274054,-7.06329298019
1543252169498583539,-4.8372130394
1543252169498645257,-5.04590797424
1543252169531231888,-1.56765818596
1543252169534198807,3.02363181114
1543252169552925319,-1.01113820076
1543252169569650638,-2.26330804825
1543252169588433191,1.00624680519
1543252169607681264,-1.6372231245
1543252169640461800,-3.51547813416
1543252169642167837,3.58015179634
1543252169657706285,1.21494185925
1543252169675988527,-5.3937330246
1543252169693034054,-1.3589631319
1543252169709986925,-0.106793142855
1543252169729053331,-3.23721814156
1543252169748500570,-3.65460824966
1543252169770987489,-4.2806930542
1543252169788415202,-5.3937330246
1543252169808339002,-0.663313150406
1543252169827510304,0.936681866646
1543252169845308225,5.11058187485
1543252169864428798,7.40622663498
1543252169883926245,5.73666667938
1543252169903842077,3.71928191185
1543252169921078020,1.9801568985
1543252169938661305,4.90188694
1543252169957046933,4.27580165863
1543252169976593390,4.20623683929
1543252169995841619,1.07581186295
1543252170015959898,1.7018969059
1543252170034641150,1.14537680149
1543252170052485216,6.0149269104
1543252170069380118,2.8149368763
1543252170087783245,1.35407185555
1543252170105668145,1.35407185555
1543252170138948367,1.77146184444
1543252170141279507,2.95406675339
1543252170158489252,3.85841178894
1543252170177745762,1.35407185555
1543252170198241175,1.7018969059
1543252170215977950,2.2584168911
1543252170236731071,4.76275682449
1543252170255193209,2.18885183334
1543252170273876752,-0.106793142855
1543252170291291705,2.04972195625
1543252170308853115,2.95406675339
1543252170342887398,0.727986872196
1543252170344788435,1.4236369133
1543252170379289904,2.74537181854
1543252170397449334,-0.315488129854
1543252170402200831,0.867116868496
1543252170419600472,1.77146184444
1543252170438102401,1.77146184444
1543252170455343240,-2.12417817116
1543252170473057879,-2.47200322151
1543252170491743245,1.49320185184
1543252170510597517,-2.12417817116
1543252170544940341,-2.47200322151
1543252170548134030,-0.941573143005
1543252170565649503,-0.385053157806
1543252170583377112,-0.106793142855
1543252170604969032,1.4236369133
1543252170622442214,-0.176358148456
1543252170640808466,-1.15026819706
1543252170658240919,-2.40243816376
1543252170677120608,-2.68069815636
1543252170695267590,-4.69808292389
1543252170715953471,-3.724173069
1543252170732612905,-3.93286824226
1543252170749306194,-4.55895328522
1543252170768913432,-4.76764822006
1543252170787514423,-1.7763531208
1543252170805130782,-1.7763531208
1543252170821538863,-0.802443146706
1543252170840942404,1.77146184444
1543252170859084021,2.39754676819
1543252170877408815,2.88450193405
1543252170896733451,2.46711182594
1543252170915305640,3.23232674599
1543252170936713134,1.7018969059
1543252170955859280,1.5627669096
1543252170975327717,-0.663313150406
1543252170992497358,-2.0546131134
1543252171015104536,0.310596853495
1543252171034251151,0.727986872196
1543252171050185691,2.32798194885
1543252171068480798,1.63233184814
1543252171084242839,0.519291877747
1543252171101296699,1.4236369133
1543252171118007591,1.49320185184
1543252171135905980,-0.732878148556
1543252171152955257,-0.941573143005
1543252171169755628,-0.524183154106
1543252171188498806,1.63233184814
1543252171204909075,-1.98504817486
1543252171223386629,-2.81982803345
1543252171240844446,-2.0546131134
1543252171257132475,-1.3589631319
1543252171276346954,0.241031855345
1543252171295278517,0.727986872196
1543252171319708607,1.5627669096
1543252171338970170,2.8149368763
1543252171356198977,1.7018969059
1543252171375879705,3.51058673859
1543252171396325692,0.519291877747
1543252171419032297,-5.46329832077
1543252171435434284,-4.55895328522
1543252171452661893,0.171466857195
1543252171470160023,0.0323368571699
1543252171487614559,-3.02852320671
1543252171504912585,-6.08938312531
1543252171522283059,-2.54156804085
1543252171539705095,-0.176358148456
1543252171556737757,-3.02852320671
1543252171574692709,-5.74155807495
1543252171591929277,-11.4458885193
1543252171613314844,-9.28937339783
1543252171647862875,-4.14156293869
1543252171650602399,0.241031855345
1543252171669294692,-4.8372130394
1543252171688463703,-4.07199811935
1543252171705468553,-3.58504319191
1543252171723724597,0.449726849794
1543252171741707100,2.11928677559
1543252171760339394,0.797551870346
1543252171779499967,1.5627669096
1543252171796440911,-2.40243816376
1543252171816778095,-6.57633829117
1543252171835735023,-5.11547327042
1543252171854049244,-0.941573143005
1543252171871103729,4.13667201996
1543252171888394203,2.74537181854
1543252171922385465,0.101901859045
1543252171923223432,1.8410269022
1543252171942494473,-1.6372231245
1543252171960189842,-2.6111330986
1543252171976886047,-5.81112337112
1543252171995380216,-5.88068819046
1543252172015884275,-1.70678818226
1543252172050695378,3.02363181114
1543252172053469017,4.97145175934
1543252172070828449,6.5714468956
1543252172088218714,0.867116868496
1543252172106232468,-2.0546131134
1543252172124571168,2.95406675339
1543252172143042316,1.7018969059
1543252172160724299,0.936681866646
1543252172179579300,-1.6372231245
1543252172199701069,-0.732878148556
1543252172225111208,-0.454618155956
1543252172243031577,0.658421874046
1543252172260266530,2.88450193405
1543252172277447681,3.6497168541
1543252172296707473,0.380161851645
1543252172314964715,-0.732878148556
1543252172334917265,-4.8372130394
1543252172350236911,-0.732878148556
1543252172369615869,3.02363181114
1543252172387379207,7.33666181564
1543252172419469797,4.55406188965
1543252172439262920,2.74537181854
1543252172441644268,3.51058673859
1543252172478214638,3.51058673859
1543252172479915102,5.66710186005
1543252172491772622,9.07578659058
1543252172504376130,8.31057167053
1543252172522659778,7.19753170013
1543252172527764139,5.59753704071
1543252172548793561,4.55406188965
1543252172554858545,4.90188694
1543252172562078473,-1.15026819706
1543252172582896855,1.49320185184
1543252172584684037,11.4409971237
1543252172596315568,11.7888221741
1543252172618116134,-4.55895328522
1543252172619387329,-12.6980581284
1543252172632647032,2.32798194885
1543252172643275233,9.07578659058
1543252172654078745,9.28448200226
1543252172684678975,3.6497168541
1543252172695963632,7.1279668808
1543252172696972379,8.17144203186
1543252172708217713,8.03231143951
1543252172728904532,10.6062164307
1543252172740950541,10.3975219727
1543252172742296267,10.5366516113
1543252172763484543,9.14535140991
1543252172765185528,9.84100151062
1543252172787456353,12.5540370941
1543252172789737701,11.023607254
1543252172801526211,6.64101171494
1543252172814071073,5.59753704071
1543252172828354888,6.22362184525
1543252172842456152,6.29318666458
1543252172855367992,6.15405702591
1543252172868892070,6.71057701111
1543252172881732452,6.22362184525
1543252172893391587,5.4584069252
1543252172906634416,2.8149368763
1543252172917478553,2.95406675339
1543252172928385399,4.13667201996
1543252172941056510,4.76275682449
1543252172951896481,1.28450679779
1543252172975075116,0.101901859045
1543252172988722058,0.936681866646
1543252173003248685,6.08449172974
1543252173018159791,8.17144203186
1543252173024930241,8.03231143951
1543252173035707712,7.33666181564
1543252173046197736,6.22362184525
1543252173056833801,6.0149269104
1543252173067342314,5.73666667938
1543252173077328902,4.13667201996
1543252173087698144,1.77146184444
1543252173098360616,3.58015179634
1543252173108800171,6.36275196075
1543252173119110507,9.07578659058
1543252173129674020,9.14535140991
1543252173140114773,7.26709699631
1543252173150620109,2.74537181854
1543252173160641437,2.04972195625
1543252173171059846,1.7018969059
1543252173181746275,1.9801568985
1543252173192337080,3.71928191185
1543252173203245957,3.58015179634
1543252173213939990,1.5627669096
1543252173224963867,0.936681866646
1543252173235174151,0.449726849794
1543252173245411676,-2.6111330986
1543252173256074980,-4.62851810455
1543252173266313807,-6.6459031105
1543252173277565860,-7.41111803055
1543252173288280206,-6.78503322601
1543252173298920489,-5.04590797424
1543252173309282284,-3.02852320671
1543252173319557309,0.867116868496
1543252173329935145,1.9801568985
1543252173340714543,1.63233184814
1543252173351005036,-3.86330318451
1543252173361275477,-5.32416820526
1543252173371413002,-4.62851810455
1543252173381895994,-4.69808292389
1543252173392418361,-5.88068819046
1543252173403136249,-6.01981830597
1543252173413903876,-2.81982803345
1543252173424334004,-1.98504817486
1543252173435064965,-3.30678319931
1543252173445982279,-7.68937826157
1543252173456711625,-9.49806785583
1543252173467174774,-9.98502349854
1543252173477269746,-7.06329298019
1543252173487372584,-4.62851810455
1543252173498340627,-1.84591817856
1543252173508741744,0.658421874046
1543252173518988123,3.7888469696
1543252173529063721,4.41493177414
1543252173541886863,6.71057701111
1543252173553576415,7.89318180084
1543252173565828725,3.58015179634
1543252173576556561,-3.4459130764
1543252173586858408,-8.73285293579
1543252173597549837,-14.5763130188
1543252173608681839,-12.7676229477
1543252173618931082,-9.08067798615
1543252173629260272,-1.01113820076
1543252173642782475,0.727986872196
1543252173650588079,-0.0372281447053
1543252173661489925,-3.30678319931
1543252173670906462,-2.95895814896
1543252173681330548,-2.81982803345
1543252173691601718,-2.81982803345
1543252173702588095,-2.26330804825
1543252173712217287,-3.02852320671
1543252173722505124,-5.11547327042
1543252173733221189,-9.08067798615
1543252173743239183,-9.77632808685
1543252173752987906,-7.61981296539
1543252173763714336,-3.4459130764
1543252173773759256,0.449726849794
1543252173784239020,1.7018969059
1543252173795148730,2.46711182594
1543252173804868339,1.00624680519
1543252173814833624,-0.385053157806
1543252173825093024,-0.524183154106
1543252173836981325,-0.106793142855
1543252173847042704,1.28450679779
1543252173857896320,1.07581186295
1543252173867857439,0.171466857195
1543252173877823871,0.310596853495
1543252173887947124,-0.802443146706
1543252173903944164,-1.84591817856
1543252173920258495,0.867116868496
1543252173938078968,1.9801568985
1543252173955543764,1.49320185184
1543252173972999498,4.06710672379
1543252173990223410,13.4583816528
1543252174008298153,30.5713710785
1543252174026454510,32.6583213806
1543252174044973574,14.8496818542
1543252174065569717,-3.23721814156
1543252174083134252,4.41493177414
1543252174101771442,16.7975025177
1543252174118363584,21.18009758
1543252174135514423,12.4149065018
1543252174153514270,-5.67199325562
1543252174168612198,-4.90677833557
1543252174186836263,-2.81982803345
1543252174203211011,-1.3589631319
1543252174221486013,-5.81112337112
1543252174238436645,-6.29807806015
1543252174257416489,-5.74155807495
1543252174273317332,-6.29807806015
1543252174290469473,-10.9589328766
1543252174308174112,-11.7241477966
1543252174330109001,-8.38502788544
1543252174342202666,-6.6459031105
1543252174359410171,-5.04590797424
1543252174375938095,-5.25460290909
1543252174393990963,-10.2632827759
1543252174409927691,-9.63719844818
1543252174428995192,-5.81112337112
1543252174462590830,-5.46329832077
1543252174465762540,-9.56763267517
1543252174485006030,-8.87198352814
1543252174504231707,-4.76764822006
1543252174522728480,-2.68069815636
1543252174541037701,-6.08938312531
1543252174558531508,-7.82850837708
1543252174576333491,-9.21980857849
1543252174594604379,-5.88068819046
1543252174619255562,-2.47200322151
1543252174651217403,-5.67199325562
1543252174653896718,-9.08067798615
1543252174675367910,-12.7676229477
1543252174693338903,-9.49806785583
1543252174711599739,-5.9502530098
1543252174731829841,-2.47200322151
1543252174751474840,-2.8893930912
1543252174769568280,-4.8372130394
1543252174787662815,-1.01113820076
1543252174806067036,1.21494185925
1543252174822950115,1.49320185184
1543252174843175373,-4.97634315491
1543252174859316058,-1.01113820076
1543252174876353616,1.4236369133
1543252174893970496,1.07581186295
1543252174911515500,-0.872008144855
1543252174947603371,1.07581186295
1543252174947652798,1.91059184074
1543252174966585924,1.7018969059
1543252174983985981,-0.106793142855
1543252175003553481,1.07581186295
1543252175021194474,-0.802443146706
1543252175037763232,-6.99372816086
1543252175055937193,-7.96763801575
1543252175073986727,-4.8372130394
1543252175091413399,-3.09808802605
1543252175108339864,-3.23721814156
1543252175125010444,-1.4980931282
1543252175142643677,-0.245923146605
1543252175162073625,-2.0546131134
1543252175183310442,-1.70678818226
1543252175202119141,6.08449172974
1543252175223455750,6.98883676529
1543252175223580021,5.80623197556
1543252175234971552,4.20623683929
1543252175256370244,-0.454618155956
1543252175258607009,-1.01113820076
1543252175270927601,2.74537181854
1543252175282288143,3.85841178894
1543252175294020247,0.449726849794
1543252175304360740,-1.98504817486
1543252175315603990,-2.0546131134
1543252175331088636,0.797551870346
1543252175341939909,1.5627669096
1543252175352719671,-0.106793142855
1543252175363534746,-0.385053157806
1543252175373737271,1.63233184814
1543252175384616095,3.30189180374
1543252175394740964,4.41493177414
1543252175404741301,1.28450679779
1543252175414742733,-0.315488129854
1543252175424773487,-2.0546131134
1543252175435302156,0.658421874046
1543252175446367647,2.60624194145
1543252175457004129,3.51058673859
1543252175468257015,3.7888469696
1543252175477725687,3.3714568615
1543252175488021857,3.0931968689
1543252175498293132,1.49320185184
1543252175508775239,0.727986872196
1543252175518944482,1.7018969059
1543252175530424086,3.44102191925
1543252175540916506,5.04101705551
1543252175551179291,4.83232164383
1543252175561409419,4.06710672379
1543252175570961268,1.28450679779
1543252175581240668,0.101901859045
1543252175592291054,0.449726849794
1543252175601740352,1.7018969059
1543252175617353330,0.449726849794
1543252175622448316,-0.245923146605
1543252175632737820,-0.315488129854
1543252175643764769,-0.524183154106
1543252175653421201,-0.663313150406
1543252175665487158,-0.941573143005
1543252175674163437,-1.98504817486
1543252175684559711,-2.47200322151
1543252175694631767,-2.26330804825
1543252175705612831,-2.19374322891
1543252175716379989,-2.8893930912
1543252175726301994,-2.81982803345
1543252175736373373,-2.26330804825
1543252175752371507,-1.70678818226
1543252175756806286,-1.3589631319
1543252175767499591,-1.01113820076
1543252175788951512,-1.01113820076
1543252175790288019,-3.02852320671
1543252175800396429,-3.02852320671
1543252175811285826,-1.56765818596
1543252175821276893,-1.84591817856
1543252175832745716,-2.6111330986
1543252175843325167,-5.9502530098
1543252175854000763,-6.36764335632
1543252175863915215,-6.29807806015
1543252175874891592,-3.09808802605
1543252175886103176,-0.524183154106
1543252175895203360,0.658421874046
1543252175909024989,0.867116868496
1543252175926873326,-2.54156804085
1543252175960585943,-3.1676530838
1543252175965866346,-0.245923146605
1543252175980089849,-0.106793142855
1543252176003302703,-1.08070313931
1543252176021129634,-1.56765818596
1543252176040952653,1.21494185925
1543252176063471811,0.727986872196
1543252176079250987,-0.802443146706
1543252176097035887,-3.1676530838
1543252176116346459,-4.62851810455
1543252176131374023,-1.70678818226
1543252176149953921,-0.385053157806
1543252176167338821,-3.58504319191
1543252176184603202,-1.98504817486
1543252176216721344,-4.14156293869
1543252176219160296,-5.18503808975
1543252176236495770,-3.02852320671
1543252176255160876,-1.3589631319
1543252176271721456,-1.08070313931
1543252176292193119,-4.21112823486
1543252176309161094,-7.61981296539
1543252176331525357,-11.1676282883
1543252176342947930,-6.99372816086
1543252176376588568,-4.48938798904
1543252176378713302,-1.42852818966
1543252176396322108,-1.4980931282
1543252176415456900,-9.84589290619
1543252176432598312,-6.99372816086
1543252176450693211,-6.08938312531
1543252176471802581,-6.15894794464
1543252176492356432,-5.9502530098
1543252176510289613,-5.18503808975
1543252176528265241,-6.22851324081
1543252176545171133,-2.8893930912
1543252176563007282,1.00624680519
1543252176581056661,-0.732878148556
1543252176598600519,-3.51547813416
1543252176620506866,-4.48938798904
1543252176637465779,-3.37634825706
1543252176655278127,-2.19374322891
1543252176673683493,-2.6111330986
1543252176691960527,-1.7763531208
1543252176708974960,-3.51547813416
1543252176727308557,-4.07199811935
1543252176745791267,-2.54156804085
1543252176763077470,-0.941573143005
1543252176782070127,0.936681866646
1543252176800431380,0.658421874046
1543252176818379196,-0.872008144855
1543252176856315031,-1.08070313931
1543252176856354718,-1.2198331356
1543252176874269357,-1.01113820076
1543252176893137171,-1.2198331356
1543252176910659102,-1.3589631319
1543252176934287632,-1.4980931282
1543252176969582120,-2.54156804085
1543252176973745859,-3.65460824966
1543252177006505666,-0.0372281447053
1543252177007183945,3.6497168541
1543252177024579836,2.32798194885
1543252177042659683,1.7018969059
1543252177061283226,0.171466857195
1543252177081721556,1.21494185925
1543252177097802659,0.101901859045
1543252177116379171,-1.2198331356
1543252177132788554,-3.86330318451
1543252177150172673,-6.01981830597
1543252177167539710,-2.54156804085
1543252177185067631,-1.4980931282
1543252177202662948,-1.98504817486
1543252177220481546,-2.81982803345
1543252177238280248,-1.9154831171
1543252177257811393,-2.12417817116
1543252177276486342,-1.4980931282
1543252177294588533,-2.12417817116
1543252177313375774,1.91059184074
1543252177335934046,6.5714468956
1543252177352525147,5.59753704071
1543252177372293270,2.88450193405
1543252177390598325,-1.28939819336
1543252177408900984,0.588856875896
1543252177426807029,3.23232674599
1543252177443473547,1.14537680149
1543252177461479800,1.63233184814
1543252177479457147,2.11928677559
1543252177498476367,2.18885183334
1543252177518203917,-0.941573143005
1543252177535991890,-2.0546131134
1543252177554049654,-2.26330804825
1543252177572051636,-0.315488129854
1543252177590820023,-3.4459130764
1543252177608806433,-1.15026819706
1543252177631289497,-0.245923146605
1543252177667035963,-1.56765818596
1543252177670304444,-1.70678818226
1543252177687658980,-0.0372281447053
1543252177705384192,-3.1676530838
1543252177722319980,-2.19374322891
1543252177739459257,-1.08070313931
1543252177756706710,3.92797684669
1543252177774215777,-3.79373812675
1543252177792152604,-18.2632579803
1543252177809255109,-9.01111316681
1543252177826679281,-4.62851810455
1543252177844815326,-7.27198791504
1543252177878849973,-3.58504319191
1543252177883653450,-2.47200322151
1543252177901557672,-2.26330804825
1543252177918863980,-2.47200322151
1543252177938926530,-4.62851810455
1543252177956567159,-6.85459804535
1543252177975942471,-0.0372281447053
1543252177996748092,7.75405168533
1543252178018765480,3.02363181114
1543252178037007671,-2.54156804085
1543252178055749234,-2.26330804825
1543252178073122729,0.380161851645
1543252178090603984,0.171466857195
1543252178107363157,-0.872008144855
1543252178125273838,1.07581186295
1543252178142049574,5.87579679489
1543252178159172080,6.64101171494
1543252178178265778,6.43231678009
1543252178210578555,2.95406675339
1543252178213693859,0.101901859045
1543252178235150520,4.62362670898
1543252178271213443,12.9018621445
1543252178272502138,8.79752731323
1543252178292534896,1.77146184444
1543252178311727136,1.49320185184
1543252178332721767,2.67580676079
1543252178351242602,8.17144203186
1543252178368232869,7.54535675049
1543252178387108286,5.94536209106
1543252178405356518,6.91927194595
1543252178423205949,7.26709699631
1543252178443919695,3.44102191925
1543252178462356625,1.49320185184
1543252178483406203,1.5627669096
1543252178501277873,2.39754676819
1543252178519643918,3.6497168541
1543252178541067610,3.16276192665
1543252178559760997,0.797551870346
1543252178597728133,1.28450679779
1543252178601379999,2.32798194885
1543252178616714957,0.727986872196
1543252178636215269,1.35407185555
1543252178640105363,1.4236369133
1543252178650557366,0.867116868496
1543252178661901554,1.91059184074
1543252178672134026,4.06710672379
1543252178682833164,4.20623683929
1543252178693011470,4.06710672379
1543252178703804097,4.3453669548
1543252178716345313,4.90188694
1543252178725491903,4.83232164383
1543252178737765776,3.23232674599
1543252178748983818,1.8410269022
1543252178758756865,0.449726849794
1543252178769421784,-1.08070313931
1543252178779350924,-0.454618155956
1543252178790103134,0.936681866646
1543252178800585449,3.3714568615
1543252178811386879,4.27580165863
1543252178821719403,5.66710186005
1543252178841113777,6.5714468956
1543252178842454451,6.22362184525
1543252178852680621,4.76275682449
1543252178872409474,3.3714568615
1543252178873115774,3.02363181114
1543252178893071866,3.30189180374
1543252178903337932,3.7888469696
1543252178904979230,3.71928191185
1543252178914788318,2.5366768837
1543252178924830791,1.07581186295
1543252178935018628,-0.0372281447053
1543252178954828834,2.5366768837
1543252178956271487,3.85841178894
1543252178965602712,4.13667201996
1543252178984910368,5.38884162903
1543252178985948334,6.36275196075
1543252178996732940,6.84970664978
1543252179006667444,6.50188207626
1543252179017283353,5.31927680969
1543252179027166295,4.62362670898
1543252179037550590,4.55406188965
1543252179057823504,5.4584069252
1543252179058301940,5.52797174454
1543252179078105376,6.36275196075
1543252179082616614,5.04101705551
1543252179092417942,2.04972195625
1543252179099385631,1.21494185925
1543252179110391122,0.310596853495
1543252179120252814,1.00624680519
1543252179130100913,2.39754676819
1543252179141151456,4.20623683929
1543252179160194529,7.75405168533
1543252179170220648,6.98883676529
1543252179171566373,5.80623197556
1543252179182483792,5.52797174454
1543252179193317356,7.1279668808
1543252179202988059,8.38013648987
1543252179212747147,8.79752731323
1543252179223103422,9.49317646027
1543252179244805342,8.10187721252
1543252179244882686,7.54535675049
1543252179254021098,7.47579193115
1543252179264118675,5.94536209106
1543252179274400470,4.48449707031
1543252179284285287,4.06710672379
1543252179294766769,3.85841178894
1543252179305169293,3.02363181114
1543252179316241086,1.5627669096
1543252179332215783,1.49320185184
1543252179358457899,5.11058187485
1543252179371088751,6.15405702591
1543252179392675828,5.4584069252
1543252179408533337,4.97145175934
1543252179429031146,2.04972195625
1543252179448397969,1.49320185184
1543252179466409430,2.74537181854
1543252179484900214,8.65839672089
1543252179503429643,11.5105619431
1543252179521609073,11.3714323044
1543252179540366783,6.43231678009
1543252179558169495,3.85841178894
1543252179575606114,2.32798194885
1543252179595678300,2.95406675339
1543252179611311851,5.11058187485
1543252179630802996,2.95406675339
1543252179651173670,-0.385053157806
1543252179669551642,-0.385053157806
1543252179688437580,2.11928677559
1543252179710297261,3.02363181114
1543252179725082221,-2.40243816376
1543252179742569986,-2.8893930912
1543252179760835301,-0.663313150406
1543252179777614058,0.241031855345
1543252179796533225,1.35407185555
1543252179814585885,-0.941573143005
1543252179833116095,-1.6372231245
1543252179858825453,-1.9154831171
1543252179881905442,-1.4980931282
1543252179900959401,-0.315488129854
1543252179920810389,-1.56765818596
1543252179940334295,-0.941573143005
1543252179958545808,-2.19374322891
1543252179974758993,-6.01981830597
1543252179993578474,-4.00243330002
1543252180027249268,0.310596853495
1543252180047589682,-1.6372231245
1543252180063987554,-5.67199325562
1543252180069184155,-9.28937339783
1543252180090723315,-3.02852320671
1543252180107379989,1.28450679779
1543252180126469260,-1.42852818966
1543252180144171660,-5.04590797424
1543252180166382642,-6.85459804535
1543252180199857031,-8.10676860809
1543252180218491355,-6.92416334152
1543252180220752808,-5.74155807495
1543252180237695678,-6.36764335632
1543252180255205944,-7.55024814606
1543252180272435637,-8.03720283508
1543252180293205476,-8.73285293579
1543252180311703760,-7.7589430809
1543252180332959952,-6.92416334152
1543252180350962091,-7.82850837708
1543252180369490583,-7.27198791504
1543252180387034910,-8.24589824677
1543252180404426374,-7.96763801575
1543252180423954915,-6.22851324081
1543252180441753773,-9.56763267517
1543252180460802575,-12.6980581284
1543252180479390754,-12.7676229477
1543252180532887953,-12.4197978973
1543252180533236494,-9.70676326752
1543252180535464353,-5.53286314011
1543252180554685967,-4.07199811935
1543252180574013311,-5.46329832077
1543252180592291855,-7.82850837708
1543252180611131284,-5.11547327042
1543252180629026235,-1.6372231245
1543252180647071395,-1.4980931282
1543252180666663946,-3.93286824226
1543252180687003110,-5.53286314011
1543252180706184985,-1.9154831171
1543252180723116658,-2.6111330986
1543252180741053849,-6.36764335632
1543252180758856613,-3.724173069
1543252180778993382,-0.802443146706
1543252180794804589,-1.6372231245
1543252180814323547,-1.08070313931
1543252180832419071,0.727986872196
1543252180851898289,2.11928677559
1543252180870218604,1.21494185925
1543252180889158032,1.35407185555
1543252180905435957,0.797551870346
1543252180922991430,-4.14156293869
1543252180941939764,-9.49806785583
1543252180959880132,-8.87198352814
1543252180977828157,-5.81112337112
1543252181014000819,-4.69808292389
1543252181016500188,-3.30678319931
1543252181035349147,-4.2806930542
1543252181053818628,-4.14156293869
1543252181073488211,-2.68069815636
1543252181091124673,-1.6372231245
1543252181109067281,-1.9154831171
1543252181127770564,-5.04590797424
1543252181145026038,-5.53286314011
1543252181178180792,-3.93286824226
1543252181193574605,-4.2806930542
1543252181197300636,-3.37634825706
1543252181216416418,-3.93286824226
1543252181233174237,-2.0546131134
1543252181251703979,4.06710672379
1543252181269991690,5.73666667938
1543252181288937785,0.449726849794
1543252181308837002,-1.2198331356
1543252181346771014,1.7018969059
1543252181349740589,3.44102191925
1543252181365686171,2.32798194885
1543252181401027169,0.241031855345
1543252181418258581,1.63233184814
1543252181421693728,3.44102191925
1543252181445204810,1.5627669096
1543252181460244613,2.11928677559
1543252181481364192,2.18885183334
1543252181500431380,2.74537181854
1543252181531489212,5.31927680969
1543252181531946503,4.3453669548
1543252181542154236,2.11928677559
1543252181552419208,1.5627669096
1543252181563936521,1.4236369133
1543252181573855452,2.60624194145
1543252181584200684,2.2584168911
1543252181594360605,2.18885183334
1543252181605136409,2.11928677559
1543252181615808307,1.14537680149
1543252181625802968,0.171466857195
1543252181636391533,-0.663313150406
1543252181647607284,-0.385053157806
1543252181657023508,0.101901859045
1543252181672081280,-0.385053157806
1543252181682066982,-0.732878148556
1543252181691564301,-1.84591817856
1543252181702846562,-2.40243816376
1543252181714781321,-0.872008144855
1543252181723216455,1.21494185925
1543252181733705385,3.51058673859
1543252181744490043,2.8149368763
1543252181755684856,1.9801568985
1543252181765228476,1.63233184814
1543252181775587719,2.32798194885
1543252181786017014,3.7888469696
1543252181806722323,4.76275682449
1543252181807173728,4.83232164383
1543252181816699900,5.04101705551
1543252181826944716,4.90188694
1543252181839580359,2.39754676819
1543252181850558350,1.07581186295
1543252181860710666,-1.6372231245
1543252181870666941,-2.47200322151
1543252181882302379,-2.19374322891
1543252181891516104,-2.54156804085
1543252181903229458,-3.4459130764
1543252181913118858,-2.47200322151
1543252181923956433,-1.42852818966
1543252181943529974,-0.454618155956
1543252181945165073,-0.593748152256
1543252181957413113,-0.941573143005
1543252181968066366,-1.3589631319
1543252181979026284,-1.7763531208
1543252181989295944,-3.09808802605
1543252182002299138,-2.81982803345
1543252182013305306,-2.0546131134
1543252182023660382,-3.23721814156
1543252182034322853,-4.62851810455
1543252182044931679,-3.51547813416
1543252182065758914,-1.2198331356
1543252182066494693,0.588856875896
1543252182077493310,1.9801568985
1543252182086975471,1.28450679779
1543252182097827734,0.171466857195
1543252182108241247,-2.332873106
1543252182120520433,-3.30678319931
1543252182131455976,-4.2806930542
1543252182141301054,-4.97634315491
1543252182151761963,-4.90677833557
1543252182171901023,-4.55895328522
1543252182172743417,-2.75026321411
1543252182183189378,-2.75026321411
1543252182193716954,-3.37634825706
1543252182203760364,-2.332873106
1543252182214224555,-2.95895814896
1543252182225870929,-2.40243816376
1543252182241528543,-2.75026321411
1543252182258624747,-3.4459130764
1543252182275096473,-1.98504817486
1543252182293380591,-1.9154831171
1543252182311528875,-6.15894794464
1543252182333313191,-6.43720817566
1543252182350414499,-3.4459130764
1543252182367887108,-2.95895814896
1543252182385341228,-2.12417817116
1543252182402976024,-0.315488129854
1543252182420424518,0.727986872196
1543252182437517128,1.49320185184
1543252182455749631,0.588856875896
1543252182472727346,2.74537181854
1543252182490870526,2.88450193405
1543252182509254903,1.21494185925
1543252182526839491,3.44102191925
1543252182544753088,1.49320185184
1543252182565201314,-0.593748152256
1543252182582994496,-1.70678818226
1543252182603073868,2.2584168911
1543252182621139965,3.3714568615
1543252182638671637,5.31927680969
1543252182656304974,2.95406675339
1543252182674311697,0.241031855345
1543252182692056440,-3.1676530838
1543252182709876757,-4.76764822006
1543252182728722227,-2.81982803345
1543252182745861087,-3.30678319931
1543252182764756713,-4.76764822006
1543252182782608487,-7.7589430809
1543252182801053750,-9.70676326752
1543252182819143493,-6.15894794464
1543252182837936984,-4.90677833557
1543252182854857823,-6.57633829117
1543252182872457515,-4.48938798904
1543252182890433300,-4.76764822006
1543252182909159656,-3.02852320671
1543252182926914764,0.588856875896
1543252182946028462,-5.25460290909
1543252182965184088,-7.06329298019
1543252182984552681,-4.21112823486
1543252183003236641,-4.07199811935
1543252183020733313,-5.88068819046
1543252183041658464,-5.04590797424
1543252183058363419,-4.07199811935
1543252183077245816,-3.65460824966
1543252183094839154,-4.55895328522
1543252183113465822,-3.93286824226
1543252183130301975,-3.86330318451
1543252183149452131,-3.86330318451
1543252183167188959,-1.56765818596
1543252183185458024,-1.15026819706
1543252183206130780,-0.106793142855
1543252183223210734,0.0323368571699
1543252183244061772,-1.15026819706
1543252183261464745,-1.01113820076
1543252183280152768,-2.47200322151
1543252183317680479,0.727986872196
1543252183318109488,0.310596853495
1543252183350359349,-4.00243330002
1543252183352577416,-5.18503808975
1543252183369603412,-3.23721814156
1543252183386460449,-1.4980931282
1543252183403961340,0.380161851645
1543252183432834907,2.46711182594
1543252183439543483,1.00624680519
1543252183455713491,-0.872008144855
1543252183473527610,-0.454618155956
1543252183492404851,-1.4980931282
1543252183510361313,-1.08070313931
1543252183529091001,1.4236369133
1543252183551461722,1.77146184444
1543252183573395465,-1.56765818596
1543252183609333545,-0.385053157806
1543252183614788010,2.60624194145
1543252183634391290,0.797551870346
1543252183644277513,-3.93286824226
1543252183655453785,-4.90677833557
1543252183666024902,-3.65460824966
1543252183676079979,-0.454618155956
1543252183687718073,0.936681866646
1543252183698879605,2.95406675339
1543252183708887755,3.7888469696
1543252183719797309,2.67580676079
1543252183750687538,1.63233184814
1543252183760156210,2.60624194145
1543252183760481678,2.60624194145
1543252183769547227,2.39754676819
1543252183771059566,0.867116868496
1543252183781162664,-0.176358148456
1543252183791483834,-0.872008144855
1543252183802329794,-2.40243816376
1543252183811651123,-1.98504817486
1543252183822074377,-1.6372231245
1543252183832747681,-0.941573143005
1543252183852503669,3.92797684669
1543252183863672181,6.15405702591
1543252183864725563,5.52797174454
1543252183884175146,3.16276192665
1543252183884664468,2.46711182594
1543252183894920846,3.7888469696
1543252183906243316,4.20623683929
1543252183916892454,4.13667201996
1543252183938493489,5.80623197556
1543252183949144033,8.10187721252
1543252183958796299,8.65839672089
1543252183960927803,10.3279571533
1543252183971350119,12.4149065018
1543252183982110611,9.35404682159
1543252183993812454,7.82361698151
1543252184005025653,7.26709699631
1543252184015542604,8.44970226288
1543252184025176536,9.63230705261
1543252184036904369,12.0670814514
1543252184047638923,12.6236019135
1543252184058092489,12.1366472244
1543252184068325899,10.6757822037
1543252184078182695,10.8149118423
1543252184088625010,10.2583913803
1543252184098903889,9.98013210297
1543252184109811255,11.4409971237
1543252184120338831,10.188826561
1543252184132248226,6.36275196075
1543252184161119502,-1.4980931282
1543252184162579915,-4.21112823486
1543252184170962965,-5.9502530098
1543252184171416453,-5.53286314011
1543252184182081164,-2.54156804085
1543252184191579628,1.49320185184
1543252184203537304,3.92797684669
1543252184213667589,2.04972195625
1543252184222773971,1.00624680519
1543252184242751313,0.588856875896
1543252184253275972,-0.524183154106
1543252184253435763,2.18885183334
1543252184263614329,1.35407185555
1543252184275205288,0.867116868496
1543252184290337695,2.18885183334
1543252184296574188,2.2584168911
1543252184308218063,0.797551870346
1543252184318886524,-0.245923146605
1543252184329912900,-1.56765818596
1543252184343931508,-3.4459130764
1543252184360896931,-4.90677833557
1543252184393104917,-4.90677833557
1543252184396019701,-1.56765818596
1543252184413800070,-2.19374322891
1543252184431652990,-1.42852818966
1543252184451231948,-3.724173069
1543252184484665972,-6.01981830597
1543252184485612584,-2.47200322151
1543252184505218416,-2.68069815636
1543252184525057790,-3.93286824226
1543252184544797632,-4.35025835037
1543252184577875668,-9.91545772552
1543252184603234454,-7.27198791504
1543252184612451929,-3.79373812675
1543252184619693263,-2.95895814896
1543252184636784675,0.588856875896
1543252184654497544,3.3714568615
1543252184672607235,4.83232164383
1543252184691112497,5.52797174454
1543252184710890413,1.5627669096
1543252184731433899,2.95406675339
1543252184751420928,9.91056728363
1543252184771334156,7.89318180084
1543252184789291399,-1.6372231245
1543252184807220882,-7.41111803055
1543252184827242182,-7.82850837708
1543252184862159379,1.00624680519
1543252184866487857,-1.08070313931
1543252184899403549,1.00624680519
1543252184900603286,-0.0372281447053
1543252184918246519,-16.5936985016
1543252184935760639,-19.7936878204
1543252184952562468,-11.3763227463
1543252184970247212,0.171466857195
1543252184987187062,6.29318666458
1543252185004792119,7.47579193115
1543252185021441293,5.04101705551
1543252185038732860,1.21494185925
1543252185056488125,2.11928677559
1543252185072999122,4.69319200516
1543252185090193346,7.684486866
1543252185108162412,9.07578659058
1543252185126673560,14.2931613922
1543252185144778095,13.7366418839
1543252185162376276,10.1192617416
1543252185179245554,8.44970226288
1543252185198997792,9.00622177124
1543252185216960296,8.86709213257
1543252185234316238,9.42361164093
1543252185251726764,8.79752731323
1543252185269182550,3.7888469696
1543252185287972812,2.5366768837
1543252185308361143,3.85841178894
1543252185328317912,8.9366569519
1543252185351018736,16.310546875
1543252185368793323,15.545331955
1543252185387177284,13.5279464722
1543252185404759893,12.6236019135
1543252185437247305,15.4062023163
1543252185439184800,10.8844766617
1543252185458694486,5.94536209106
1543252185477056885,3.92797684669
1543252185494852410,4.69319200516
1543252185531063562,3.3714568615
1543252185534831156,2.04972195625
1543252185558526769,2.32798194885
1543252185576689741,4.90188694
1543252185595926303,4.69319200516
1543252185615166043,-0.941573143005
1543252185634692553,-2.68069815636
1543252185654030834,-2.54156804085
1543252185673603281,-3.37634825706
1543252185701222894,-1.15026819706
1543252185708023709,1.49320185184
1543252185727949072,-0.524183154106
1543252185746770896,-0.315488129854
1543252185765706678,1.35407185555
1543252185784024441,2.46711182594
1543252185801970174,1.07581186295
1543252185819699761,0.241031855345
1543252185855617164,0.380161851645
1543252185856331017,1.00624680519
1543252185876853565,2.2584168911
1543252185893687218,3.6497168541
1543252185915715387,4.69319200516
1543252185955693717,3.85841178894
1543252185961739117,4.3453669548
1543252185979637454,2.67580676079
1543252186001566145,3.16276192665
1543252186020707604,2.18885183334
1543252186037476100,2.46711182594
1543252186055872144,3.16276192665
1543252186073250587,3.51058673859
1543252186090819394,2.04972195625
1543252186108731741,2.60624194145
1543252186127675909,4.20623683929
1543252186149399392,1.91059184074
1543252186165864503,2.39754676819
1543252186183246852,9.63230705261
1543252186200658472,12.5540370941
1543252186219122485,11.3714323044
1543252186236469157,8.44970226288
1543252186254052390,7.96274662018
1543252186271071563,7.1279668808
1543252186290159480,7.47579193115
1543252186307679902,6.29318666458
1543252186325614853,1.28450679779
1543252186343051577,3.02363181114
1543252186361343351,5.52797174454
1543252186381047985,5.66710186005
1543252186398216793,2.46711182594
1543252186417902573,1.4236369133
1543252186436573460,-0.176358148456
1543252186468129052,2.32798194885
1543252186470859721,1.49320185184
1543252186492268622,0.241031855345
1543252186510950394,6.64101171494
1543252186530497373,7.19753170013
1543252186580296301,3.92797684669
1543252186580359842,4.48449707031
1543252186583019627,4.13667201996
1543252186616080892,1.8410269022
1543252186622753217,-1.70678818226
1543252186641919155,-0.872008144855
1543252186659963534,0.727986872196
1543252186682966961,-0.872008144855
1543252186699549416,-1.56765818596
1543252186717431191,0.0323368571699
1543252186735945203,0.380161851645
1543252186768941573,-0.0372281447053
1543252186773087551,-1.08070313931
1543252186790227453,-3.86330318451
1543252186825618034,-4.35025835037
1543252186843405799,-1.4980931282
1543252186852037546,-0.941573143005
1543252186886546203,-2.54156804085
1543252186888233282,-0.524183154106
1543252186904914435,2.11928677559
1543252186924105477,0.101901859045
1543252186945055628,-5.11547327042
1543252186977031427,-9.98502349854
1543252186980774230,-9.08067798615
1543252186997854444,-4.00243330002
1543252187016954861,-3.65460824966
1543252187034594761,1.07581186295
1543252187052093308,0.797551870346
1543252187070345863,-3.93286824226
1543252187088841073,-5.32416820526
1543252187107434669,-3.30678319931
1543252187125062330,0.449726849794
1543252187145226911,0.0323368571699
1543252187162188115,-1.4980931282
1543252187184838002,-0.802443146706
1543252187218676869,1.49320185184
1543252187220217958,-0.663313150406
1543252187238379055,-2.47200322151
1543252187256475725,-1.84591817856
1543252187275268382,-2.47200322151
1543252187294525518,-2.12417817116
1543252187315294993,-2.95895814896
1543252187335750198,-1.98504817486
1543252187355373531,0.449726849794
1543252187374463115,-0.663313150406
1543252187392698065,-4.21112823486
1543252187411145307,-2.95895814896
1543252187429963329,0.727986872196
1543252187462704387,3.92797684669
1543252187466816459,3.30189180374
1543252187489904209,2.32798194885
1543252187507301037,2.2584168911
1543252187518623038,1.5627669096
1543252187535635388,1.21494185925
1543252187555356584,0.101901859045
1543252187587235092,0.310596853495
1543252187588698421,4.48449707031
1543252187607896078,2.11928677559
1543252187626153529,-0.176358148456
1543252187642920254,-4.8372130394
1543252187662337181,-3.09808802605
1543252187680628746,1.49320185184
1543252187699528226,3.7888469696
1543252187716789899,-0.245923146605
1543252187733646624,-5.67199325562
1543252187751934908,-2.6111330986
1543252187771511938,-8.3154630661
1543252187789575639,-7.7589430809
1543252187809182826,-3.09808802605
1543252187825324033,-3.30678319931
1543252187845920539,-6.57633829117
1543252187862000756,-8.24589824677
1543252187880272322,-7.2024230957
1543252187897426859,-3.09808802605
1543252187932642128,-5.18503808975
1543252187933586657,-6.92416334152
1543252187950681663,-6.57633829117
1543252187971058795,-4.14156293869
1543252187986853388,-0.732878148556
1543252188004895423,-4.21112823486
1543252188021946522,-7.89807319641
1543252188039312778,-8.10676860809
1543252188057695020,-4.35025835037
1543252188075755648,-2.26330804825
1543252188094542212,-1.08070313931
1543252188112402528,-4.62851810455
1543252188132182475,-6.85459804535
1543252188151555287,-5.11547327042
1543252188171120182,-5.32416820526
1543252188189560810,-6.99372816086
1543252188208516227,-7.06329298019
1543252188225885711,-6.6459031105
1543252188243220248,-5.9502530098
1543252188261389678,-9.28937339783
1543252188280919834,-14.0197935104
1543252188299438169,-7.68937826157
1543252188317397704,-2.95895814896
1543252188337624212,0.658421874046
1543252188355669371,-0.106793142855
1543252188374412133,-1.70678818226
1543252188393788383,-1.42852818966
1543252188411150524,-0.0372281447053
1543252188429612870,-3.51547813416
1543252188449549014,-6.99372816086
1543252188468051828,-3.65460824966
1543252188485922509,1.21494185925
1543252188506107767,5.24971199036
1543252188525144799,-0.245923146605
1543252188545239589,-5.32416820526
1543252188590991861,-1.7763531208
1543252188591112173,2.46711182594
1543252188614927474,-1.42852818966
1543252188632492114,-2.26330804825
1543252188649861598,-3.23721814156
1543252188665667232,-5.25460290909
1543252188686603843,-5.25460290909
1543252188687044935,-5.53286314011
1543252188698229176,-4.62851810455
1543252188709142428,-3.4459130764
1543252188718936151,-1.28939819336
1543252188738906358,-1.08070313931
1543252188740374270,-0.872008144855
1543252188761101662,-2.68069815636
1543252188770912105,0.588856875896
1543252188772672777,0.310596853495
1543252188784587328,-5.18503808975
1543252188795884173,-6.71546792984
1543252188806669039,-5.32416820526
1543252188818331143,-4.07199811935
1543252188828075075,-3.02852320671
1543252188840813582,-3.1676530838
1543252188850877826,-3.58504319191
1543252188861593995,-5.25460290909
1543252188872421674,-4.90677833557
1543252188882099356,-4.2806930542
1543252188893051619,-3.30678319931
1543252188902775134,-4.90677833557
1543252188922535706,-7.34155321121
1543252188924686325,-9.21980857849
1543252188937222645,-7.61981296539
1543252188948107459,-5.81112337112
1543252188958772691,-5.53286314011
1543252188969587454,-5.25460290909
1543252188980191331,-7.27198791504
1543252188990737292,-7.06329298019
1543252189001382472,-5.60242795944
1543252189012708952,-4.35025835037
1543252189022520904,-1.01113820076
1543252189033814936,-0.524183154106
1543252189043601004,-1.28939819336
1543252189054821963,-7.7589430809
1543252189064923186,-10.1241531372
1543252189075019461,-10.4024133682
1543252189094955396,-6.85459804535
1543252189104881515,-4.55895328522
1543252189106951145,-2.332873106
1543252189117853095,1.00624680519
1543252189127098487,1.4236369133
1543252189137623146,1.07581186295
1543252189157701581,-0.106793142855
1543252189159550170,-3.02852320671
1543252189170392797,-4.00243330002
1543252189182208494,-5.25460290909
1543252189193405131,-6.01981830597
1543252189204109529,-7.06329298019
1543252189216364444,-5.46329832077
1543252189225823845,-4.55895328522
1543252189236312150,-3.93286824226
1543252189247056548,-2.47200322151
1543252189258515892,-3.30678319931
1543252189270920130,-6.85459804535
1543252189281805725,-7.7589430809
1543252189300697393,-7.34155321121
1543252189302179837,-0.802443146706
1543252189314699803,4.06710672379
1543252189327043207,11.8583869934
1543252189337758387,12.4844722748
1543252189357507761,7.75405168533
1543252189359258433,4.90188694
1543252189375665524,2.39754676819
1543252189404551279,0.658421874046
1543252189406706430,2.39754676819
1543252189424947995,6.15405702591
1543252189442764822,5.11058187485
1543252189461560553,1.77146184444
1543252189481812113,-1.01113820076
1543252189497572747,0.658421874046
1543252189518538472,2.2584168911
1543252189536476652,2.18885183334
1543252189569632865,0.727986872196
1543252189571863432,2.2584168911
1543252189588783022,1.4236369133
1543252189622444806,0.658421874046
1543252189624497769,2.2584168911
1543252189641897982,8.10187721252
1543252189658577573,5.59753704071
1543252189679682047,0.171466857195
1543252189701600321,3.58015179634
1543252189719091368,1.7018969059
1543252189737280381,-0.941573143005
1543252189753461640,1.21494185925
1543252189769922949,1.9801568985
1543252189788442379,0.727986872196
1543252189806226445,-0.593748152256
1543252189825970142,0.797551870346
1543252189842557910,1.07581186295
1543252189860705621,-0.732878148556
1543252189882018688,0.101901859045
1543252189899854682,1.00624680519
1543252189918234580,1.14537680149
1543252189939151451,-1.2198331356
1543252189971864956,-0.0372281447053
1543252189974777136,1.49320185184
1543252189997480981,2.39754676819
1543252190015873015,3.30189180374
1543252190034306767,-0.593748152256
1543252190052597863,-1.7763531208
1543252190073057079,0.797551870346
1543252190092895046,3.6497168541
1543252190110977133,2.04972195625
1543252190127747504,1.28450679779
1543252190164389124,2.88450193405
1543252190164449228,2.60624194145
1543252190181329547,0.658421874046
1543252190200685693,-3.37634825706
1543252190218493718,1.14537680149
1543252190236180441,2.74537181854
1543252190253344353,-0.245923146605
1543252190272356333,-2.26330804825
1543252190289601130,1.28450679779
1543252190306382231,-0.0372281447053
1543252190323157081,-3.79373812675
1543252190347178995,-2.81982803345
1543252190367716700,-0.245923146605
1543252190385749412,-0.941573143005
1543252190403770509,0.380161851645
1543252190440391140,0.867116868496
1543252190442472072,-0.872008144855
1543252190460435721,-1.7763531208
1543252190477791820,-0.732878148556
1543252190494428858,-2.26330804825
1543252190513633702,-2.332873106
1543252190530736781,-2.19374322891
1543252190567254391,-1.98504817486
1543252190580706751,-0.732878148556
1543252190582872318,0.658421874046
1543252190603512366,0.867116868496
1543252190619802374,0.797551870346
1543252190636270403,-0.454618155956
1543252190654959779,-1.3589631319
1543252190671762755,-3.86330318451
1543252190690127341,-3.30678319931
1543252190707039430,-2.6111330986
1543252190726064275,-0.802443146706
1543252190741935326,-0.941573143005
1543252190758114866,-0.176358148456
1543252190776665597,-0.0372281447053
1543252190810477485,-0.245923146605
1543252190813335029,0.171466857195
1543252190829116601,-0.245923146605
1543252190848390403,-2.75026321411
1543252190870630656,-3.30678319931
1543252190882454530,-3.1676530838
1543252190900488856,-0.454618155956
1543252190917198030,-0.385053157806
1543252190935590637,-1.70678818226
1543252190953386995,-4.21112823486
1543252190972950588,-0.0372281447053
1543252190990297572,2.11928677559
1543252191009339083,-1.3589631319
1543252191026523516,-5.3937330246
1543252191043290085,-4.97634315491
1543252191061747900,0.0323368571699
1543252191077545878,4.55406188965
1543252191110888705,4.62362670898
1543252191114006822,1.4236369133
1543252191134759891,-1.6372231245
1543252191152951040,-3.09808802605
1543252191170345680,-2.54156804085
1543252191190118231,-1.84591817856
1543252191206420374,-0.872008144855
1543252191225947405,-1.42852818966
1543252191243806159,-4.90677833557
1543252191263431054,-7.41111803055
1543252191281715588,-2.332873106
1543252191300970432,-0.245923146605
1543252191319529809,-3.1676530838
1543252191337475125,-2.95895814896
1543252191355761586,0.310596853495
1543252191374287994,1.7018969059
1543252191410251960,-3.58504319191
1543252191413935596,-6.85459804535
1543252191433509293,-3.1676530838
1543252191450954246,0.171466857195
1543252191470239715,0.449726849794
1543252191489443673,0.797551870346
1543252191508026071,2.5366768837
1543252191525944043,4.27580165863
1543252191543837328,0.449726849794
1543252191564104774,-0.524183154106
1543252191582697692,2.32798194885
1543252191616775048,2.2584168911
1543252191634577292,-0.315488129854
1543252191636758692,-2.19374322891
1543252191655134268,-3.02852320671
1543252191674138019,-2.0546131134
1543252191691600315,2.2584168911
1543252191710010786,4.48449707031
1543252191728394226,0.658421874046
1543252191748625995,-4.8372130394
1543252191765766834,-4.97634315491
1543252191783156006,-4.41982316971
1543252191802664755,-4.55895328522
1543252191820857779,-5.46329832077
1543252191840452570,-5.04590797424
1543252191860766473,-2.54156804085
1543252191877489866,-0.663313150406
1543252191897729811,-4.07199811935
1543252191916166688,-6.22851324081
1543252191950470762,-7.7589430809
1543252191952274299,-3.724173069
1543252191968707432,-2.332873106
1543252191986849518,-2.12417817116
1543252192005411552,-4.48938798904
1543252192021614529,-4.48938798904
1543252192040254322,-1.42852818966
1543252192057569588,-1.70678818226
1543252192091630798,-3.1676530838
1543252192110242363,-1.6372231245
1543252192114821777,1.8410269022
1543252192132847562,3.0931968689
1543252192150682149,-5.3937330246
1543252192168503507,-9.77632808685
1543252192186471115,-9.56763267517
1543252192205273096,-4.55895328522
1543252192222996694,0.936681866646
1543252192239386597,0.867116868496
1543252192258277276,-1.01113820076
1543252192276610664,-0.941573143005
1543252192296143944,-1.84591817856
1543252192331185777,-1.08070313931
1543252192333302802,0.171466857195
1543252192351138640,0.727986872196
1543252192369206195,-1.15026819706
1543252192387285938,-1.7763531208
1543252192406507657,-0.802443146706
1543252192424687920,-1.01113820076
1543252192442341779,-3.1676530838
1543252192461220686,-1.08070313931
1543252192477636007,4.20623683929
1543252192496713351,4.27580165863
1543252192515465748,3.7888469696
1543252192533651012,1.14537680149
1543252192550218675,1.28450679779
1543252192567989930,4.62362670898
1543252192585527070,3.44102191925
1543252192619041302,-0.524183154106
1543252192621836191,-0.872008144855
1543252192640326245,0.867116868496
1543252192663825973,0.171466857195
1543252192681146031,1.5627669096
1543252192698824420,2.18885183334
1543252192720742017,-0.872008144855
1543252192737817805,-2.95895814896
1543252192771510578,-3.23721814156
1543252192790114174,-0.524183154106
1543252192791894586,1.07581186295
1543252192811808491,-0.315488129854
1543252192834227493,1.4236369133
1543252192851261978,0.588856875896
1543252192869923021,1.49320185184
1543252192888421878,5.52797174454
1543252192907508597,4.41493177414
1543252192927594584,0.867116868496
1543252192943690166,0.936681866646
1543252192963501362,1.4236369133
1543252192980951940,-1.42852818966
1543252193013935497,-3.724173069
1543252193032806540,-0.663313150406
1543252193036030750,2.5366768837
1543252193052855236,4.48449707031
1543252193071728258,1.9801568985
1543252193091710235,1.49320185184
1543252193108688315,1.14537680149
1543252193127399879,2.2584168911
1543252193147775813,2.60624194145
1543252193166093212,3.44102191925
1543252193185317431,3.58015179634
1543252193203620506,1.49320185184
1543252193219719786,1.7018969059
1543252193237782341,1.5627669096
1543252193256458437,1.07581186295
1543252193274071410,-0.176358148456
1543252193292043393,0.0323368571699
1543252193309852824,0.727986872196
1543252193333805155,4.27580165863
1543252193355647075,3.02363181114
1543252193372710884,3.0931968689
1543252193388894954,0.101901859045
1543252193406636261,-1.4980931282
1543252193425800480,-1.70678818226
1543252193444704700,1.8410269022
1543252193463937929,1.7018969059
1543252193480179448,0.797551870346
1543252193498100962,0.380161851645
1543252193516261590,1.91059184074
1543252193533908313,1.4236369133
1543252193554392112,0.101901859045
1543252193602673284,-0.872008144855
1543252193610334253,-0.0372281447053
1543252193620149174,-0.872008144855
1543252193638042407,-1.70678818226
1543252193655470954,-0.593748152256
1543252193673548718,-0.315488129854
1543252193687255348,-1.08070313931
1543252193698354172,-1.42852818966
1543252193708318259,-1.42852818966
1543252193718530003,-1.56765818596
1543252193728879454,-1.98504817486
1543252193739373853,-2.12417817116
1543252193749789085,-2.19374322891
1543252193760528171,-2.12417817116
1543252193771272881,-1.98504817486
1543252193781727384,-1.4980931282
1543252193791796680,0.101901859045
1543252193802340610,-0.106793142855
1543252193813687975,0.867116868496
1543252193824520394,-0.176358148456
1543252193835466614,-1.4980931282
1543252193845850909,-1.9154831171
1543252193856373120,-2.75026321411
1543252193866462416,-1.98504817486
1543252193876776555,-1.70678818226
1543252193886727153,-1.98504817486
1543252193897086396,-1.28939819336
1543252193907592826,-0.454618155956
1543252193917865923,0.171466857195
1543252193928069646,-0.315488129854
1543252193938846648,-0.593748152256
1543252193949267662,-1.28939819336
1543252193960293778,-2.75026321411
1543252193969458388,-2.8893930912
1543252193980714243,-2.6111330986
1543252193991011768,-1.98504817486
1543252194003998556,-2.332873106
1543252194014013633,-2.19374322891
1543252194025034540,-0.454618155956
1543252194036945863,-0.106793142855
1543252194047636719,-0.524183154106
1543252194058689658,-1.28939819336
1543252194068897183,-0.872008144855
1543252194079446269,0.241031855345
1543252194089439940,-0.0372281447053
1543252194101347355,-0.524183154106
1543252194113003366,1.35407185555
1543252194123679639,0.867116868496
1543252194134127163,-0.663313150406
1543252194145077342,-0.245923146605
1543252194155551168,0.797551870346
1543252194166099420,1.35407185555
1543252194176452517,-4.48938798904
1543252194187547331,-4.55895328522
1543252194197870585,-2.6111330986
1543252194207860766,-0.0372281447053
1543252194218134645,-0.663313150406
1543252194228823522,-0.941573143005
1543252194240407189,0.101901859045
1543252194250928515,-1.01113820076
1543252194261797600,-1.6372231245
1543252194272811997,0.171466857195
1543252194283347802,1.7018969059
1543252194293292202,2.39754676819
1543252194304444881,1.4236369133
1543252194314676988,0.588856875896
1543252194328077681,-0.245923146605
1543252194338205727,-0.802443146706
1543252194350955745,-0.593748152256
1543252194361500873,-0.106793142855
1543252194372335791,0.0323368571699
1543252194381592068,0.380161851645
1543252194394770574,0.310596853495
1543252194412848026,-0.941573143005
1543252194430871154,-0.802443146706
1543252194448963970,-0.732878148556
