1543252169014100945,-23.6145992279
1543252169027930074,-23.4059047699
1543252169028942415,-22.4319953918
1543252169041667589,-23.0580806732
1543252169052175946,-24.2406845093
1543252169070848395,-25.1450309753
1543252169071571258,-25.70154953
1543252169089994020,-26.4667644501
1543252169099737952,-26.6754608154
1543252169104359086,-25.70154953
1543252169123015858,-24.8667697906
1543252169133027966,-26.1189403534
1543252169134601347,-26.6058959961
1543252169144795747,-25.0058994293
1543252169163900539,-24.2406845093
1543252169167348915,-23.6145992279
1543252169201340333,-22.6406898499
1543252169201551427,-23.6841659546
1543252169218921432,-24.727640152
1543252169249993795,-27.8580646515
1543252169253025506,-28.8319759369
1543252169288189629,-28.0667610168
1543252169305902759,-25.8406791687
1543252169307887128,-25.0754642487
1543252169339347772,-26.6058959961
1543252169356748871,-29.3189296722
1543252169360155112,-31.1971855164
1543252169391012476,-27.0928497314
1543252169409138364,-25.6319847107
1543252169413147676,-25.492855072
1543252169443050252,-24.518945694
1543252169460505152,-24.3798160553
1543252169464828526,-24.5885105133
1543252169482242073,-24.1711196899
1543252169500278795,-24.93633461
1543252169530465223,-25.1450309753
1543252169534718180,-22.9885158539
1543252169553563807,-24.3798160553
1543252169571391154,-26.4667644501
1543252169590767300,-24.0319900513
1543252169608561158,-28.4145851135
1543252169624855853,-30.362405777
1543252169641898307,-26.4667644501
1543252169663414551,-26.2580699921
1543252169676958056,-28.9711055756
1543252169694172280,-27.0232849121
1543252169711487233,-25.8406791687
1543252169746452347,-29.5971908569
1543252169750878376,-30.9189243317
1543252169771246134,-28.9015407562
1543252169806372809,-25.2145957947
1543252169811368213,-23.7537307739
1543252169828932748,-25.3537254333
1543252169847760406,-26.9537200928
1543252169866427022,-27.0232849121
1543252169901102032,-26.5363292694
1543252169904818897,-26.3971996307
1543252169922393589,-27.9971942902
1543252169940599685,-27.9276294708
1543252169959202239,-30.571100235
1543252169978196719,-29.3189296722
1543252170013229801,-27.5798053741
1543252170030361109,-27.3015441895
1543252170036441457,-27.7189350128
1543252170054353127,-25.492855072
1543252170071067145,-27.5798053741
1543252170089252720,-27.9971942902
1543252170106589392,-26.9537200928
1543252170139411699,-25.1450309753
1543252170142660180,-24.3102493286
1543252170159138260,-25.1450309753
1543252170178609562,-28.5537147522
1543252170198306071,-26.3971996307
1543252170218222371,-25.492855072
1543252170238854190,-21.7363452911
1543252170256533257,-22.0146045685
1543252170275256071,-22.4319953918
1543252170292673524,-20.2754802704
1543252170310355768,-19.3711357117
1543252170341362923,-19.2320041656
1543252170360676725,-19.0233097076
1543252170365335671,-20.0667858124
1543252170398985684,-20.1363506317
1543252170412730490,-19.3015708923
1543252170421399842,-17.3537502289
1543252170439175262,-17.2146205902
1543252170456692350,-20.5537395477
1543252170474905739,-19.5102653503
1543252170493419751,-16.6581001282
1543252170512868188,-17.0059242249
1543252170544862164,-16.5189704895
1543252170564470965,-15.8928852081
1543252170584182422,-13.1102848053
1543252170585643616,-12.1363754272
1543252170621680029,-11.3711605072
1543252170638065245,-13.8754997253
1543252170656172175,-13.6668052673
1543252170675720403,-11.5102901459
1543252170693028533,-10.3276853561
1543252170696079306,-8.37986469269
1543252170715904461,-7.12769508362
1543252170732715978,-6.15378522873
1543252170750364836,-7.05813026428
1543252170784947868,-6.01465511322
1543252170787967808,-2.74510002136
1543252170805294063,-2.60597014427
1543252170823327451,-1.77119016647
1543252170841865943,-1.35380005836
1543252170859953967,-1.70162510872
1543252170878557510,-0.588585138321
1543252170898734122,2.26357984543
1543252170917567717,3.02879476547
1543252170938783128,1.56792986393
1543252170957717869,3.72444486618
1543252170990976060,3.16792488098
1543252171015930107,3.58531498909
1543252171031246888,4.62878990173
1543252171034521619,6.08965492249
1543252171051823395,10.2635545731
1543252171068374184,8.38529968262
1543252171085105024,7.55051994324
1543252171102546175,8.52443027496
1543252171120232377,9.63747024536
1543252171136990925,11.0983352661
1543252171154189264,11.5157251358
1543252171171701092,12.9070253372
1543252171189034482,12.4200696945
1543252171206062248,11.0287694931
1543252171223528868,12.0722446442
1543252171241516007,13.1852846146
1543252171258307524,14.4374551773
1543252171298893560,16.1765804291
1543252171300359754,17.0113601685
1543252171321086989,18.8200492859
1543252171340241989,19.7939605713
1543252171358665169,18.4026603699
1543252171395713245,19.4461345673
1543252171399117038,20.69830513
1543252171433082676,19.724395752
1543252171436942457,19.3070049286
1543252171467746592,18.6809196472
1543252171485196649,20.350479126
1543252171502494936,20.350479126
1543252171506256748,20.2113494873
1543252171523725034,23.3417739868
1543252171554688648,23.3417739868
1543252171558100150,23.1330795288
1543252171576615204,19.724395752
1543252171593615730,19.0983104706
1543252171614386195,19.5156993866
1543252171648154020,20.2113494873
1543252171652465155,21.6722145081
1543252171670921250,22.2982997894
1543252171688849952,22.0896053314
1543252171706925372,22.0200405121
1543252171725331988,27.3765449524
1543252171743437773,30.0895805359
1543252171761121006,28.2113246918
1543252171779437727,27.6548042297
1543252171798694290,25.776550293
1543252171818150175,23.2722091675
1543252171837518299,25.2895946503
1543252171869324515,25.3591594696
1543252171886332490,22.8548202515
1543252171903852755,18.9591808319
1543252171921581509,22.9243850708
1543252171924939052,25.4982891083
1543252171943300200,25.0113353729
1543252171959819635,24.5939445496
1543252171978249585,25.985244751
1543252171999599006,24.9417705536
1543252172017676770,27.098285675
1543252172036626771,29.3243656158
1543252172054694951,35.9330406189
1543252172072361466,35.1678237915
1543252172089708190,33.0113105774
1543252172107579860,30.2982749939
1543252172125960643,28.8374099731
1543252172144004032,28.2808895111
1543252172161853932,30.5069694519
1543252172196664619,31.9678344727
1543252172220310753,29.7417545319
1543252172240355073,32.1765289307
1543252172244184021,34.6113052368
1543252172261333350,32.454788208
1543252172293643315,32.5243530273
1543252172297548304,33.3591346741
1543252172348046344,31.620010376
1543252172348298740,30.7852306366
1543252172364979319,29.5330600739
1543252172386290095,28.5591506958
1543252172388716078,25.2200298309
1543252172419521359,24.0374240875
1543252172422713226,27.3765449524
1543252172444197803,30.6460990906
1543252172462581868,27.5852394104
1543252172481378067,25.9156799316
1543252172492969390,23.4809055328
1543252172503852902,23.8287296295
1543252172516147139,23.7591648102
1543252172538032393,23.7591648102
1543252172549041113,24.6635093689
1543252172551313398,26.1243743896
1543252172562950502,26.0548095703
1543252172582733938,24.7330741882
1543252172585677680,23.6200351715
1543252172597106556,22.4374294281
1543252172609248085,24.1069908142
1543252172620515919,22.1591701508
1543252172632185315,21.9504756927
1543252172643462576,22.7156906128
1543252172658556806,21.3939552307
1543252172684611423,21.5330848694
1543252172686363033,22.5765590668
1543252172698013001,21.8809089661
1543252172715346184,21.254825592
1543252172728604741,22.0896053314
1543252172731746035,21.8809089661
1543252172746207610,20.69830513
1543252172762651368,20.7678699493
1543252172765869276,21.6026496887
1543252172776720132,22.0200405121
1543252172790686552,22.0896053314
1543252172802520427,20.489610672
1543252172816308410,19.93309021
1543252172830376705,18.2635307312
1543252172844261147,17.2200546265
1543252172856958925,16.4548397064
1543252172870699148,16.4548397064
1543252172882805678,16.4548397064
1543252172894981114,16.6635341644
1543252172907797485,17.6374454498
1543252172918347040,18.1939640045
1543252172929764926,18.1243991852
1543252172951553513,17.6374454498
1543252172986236440,18.6113548279
1543252172986329252,19.3765697479
1543252172998098908,20.8374347687
1543252173003326341,22.3678646088
1543252173018279739,21.8809089661
1543252173025806854,17.2200546265
1543252173036387867,15.5504951477
1543252173047089713,13.6026744843
1543252173057576299,12.9070253372
1543252173067961896,12.6287651062
1543252173077980202,10.4026851654
1543252173088420122,10.4026851654
1543252173099396550,11.3070297241
1543252173109484335,12.6983299255
1543252173119841391,12.6983299255
1543252173130514956,12.6287651062
1543252173140934407,12.3505048752
1543252173151367451,11.0287694931
1543252173161356070,10.0548601151
1543252173171752709,9.08094978333
1543252173182403878,7.06356477737
1543252173193420098,7.06356477737
1543252173203945538,6.99399995804
1543252173214702176,8.03747463226
1543252173225773500,7.89834499359
1543252173235767119,7.62008476257
1543252173246494173,6.50704479218
1543252173256817218,6.22878503799
1543252173267615314,5.81139469147
1543252173278487003,5.60269975662
1543252173289130412,3.58531498909
1543252173299673664,1.98531985283
1543252173310189209,-0.449455112219
1543252173320166682,-1.97988510132
1543252173331088111,-3.02336001396
1543252173341448031,-5.59726524353
1543252173351620503,-6.91900014877
1543252173361837402,-6.91900014877
1543252173372076906,-6.64073991776
1543252173382541253,-7.61465024948
1543252173393316119,-9.00594997406
1543252173403883747,-10.3972501755
1543252173414761061,-11.8581151962
1543252173425116033,-12.2059402466
1543252173435779494,-13.040719986
1543252173447123474,-14.1537599564
1543252173457408029,-14.6407146454
1543252173467772376,-14.2233247757
1543252173477856828,-11.7189855576
1543252173488068884,-10.8146400452
1543252173499208854,-9.70160007477
1543252173509361691,-10.1189899445
1543252173519530882,-12.2755050659
1543252173529884239,-15.8233203888
1543252173542144467,-18.1885299683
1543252173555102921,-22.5711250305
1543252173566555494,-16.0320148468
1543252173577357184,-10.9537696838
1543252173587470125,-8.03203964233
1543252173598654001,-8.86682033539
1543252173609384389,-9.91029548645
1543252173619664465,-10.1885547638
1543252173630304749,-10.1885547638
1543252173642928517,-11.2320299149
1543252173651300682,-13.1102848053
1543252173661614820,-15.8233203888
1543252173671697658,-14.5015850067
1543252173682052577,-13.1798505783
1543252173692355831,-11.7885503769
1543252173702884344,-9.49290466309
1543252173713163066,-10.5363798141
1543252173723319653,-12.3450698853
1543252173733496917,-14.2928905487
1543252173743539390,-14.1537599564
1543252173753742383,-13.805934906
1543252173764106730,-13.2494153976
1543252173774106547,-13.7363700867
1543252173784494227,-11.7189855576
1543252173795281698,-9.35377502441
1543252173805139276,-9.70160007477
1543252173815656955,-9.7711648941
1543252173825912553,-9.97986030579
1543252173837012366,-10.0494251251
1543252173848867595,-10.6059455872
1543252173858366423,-11.7885503769
1543252173868450302,-12.6233301163
1543252173878501785,-12.7624597549
1543252173888692018,-13.8754997253
1543252173904365257,-17.0059242249
1543252173921394013,-17.9102706909
1543252173939403600,-18.8146152496
1543252173957169125,-24.1711196899
1543252173974110954,-26.7450256348
1543252173991704135,-26.7450256348
1543252174009652837,-21.1798248291
1543252174027468778,-18.6059207916
1543252174048119035,-16.5189704895
1543252174080655197,-26.0493755341
1543252174084139979,-29.7363204956
1543252174102857064,-27.5102405548
1543252174119483425,-20.6928691864
1543252174136355515,-19.9276542664
1543252174153364479,-21.8754749298
1543252174170279798,-27.9276294708
1543252174186974023,-33.1450042725
1543252174204375956,-33.4232635498
1543252174222631479,-27.7884998322
1543252174240454504,-24.518945694
1543252174257475656,-23.5450344086
1543252174274645765,-22.5015602112
1543252174291991448,-22.6406898499
1543252174309176401,-21.1102600098
1543252174330171501,-17.7015743256
1543252174343225788,-16.5189704895
1543252174360450169,-13.040719986
1543252174377566372,-14.2928905487
1543252174393927682,-22.7102546692
1543252174411654249,-27.0928497314
1543252174428695296,-26.6058959961
1543252174448378733,-23.2667751312
1543252174466929256,-19.5798301697
1543252174500961716,-21.3189544678
1543252174520696714,-21.9450397491
1543252174538392031,-22.2928657532
1543252174556150993,-24.0319900513
1543252174560461919,-22.9189510345
1543252174577358592,-25.70154953
1543252174617103849,-22.9189510345
1543252174620213372,-19.5798301697
1543252174638433479,-22.6406898499
1543252174655127600,-26.2580699921
1543252174677148895,-27.4406757355
1543252174694615306,-27.7189350128
1543252174713434838,-25.70154953
1543252174749836511,-25.284160614
1543252174752833638,-23.6145992279
1543252174771226245,-23.2667751312
1543252174789115727,-25.70154953
1543252174822712199,-27.6493701935
1543252174843277248,-27.9971942902
1543252174857584865,-27.0232849121
1543252174861083762,-21.5276508331
1543252174877498405,-22.0841693878
1543252174894620911,-23.0580806732
1543252174912337425,-26.1189403534
1543252174929134619,-27.5798053741
1543252174962279946,-27.9276294708
1543252174980622032,-25.5624198914
1543252175001378643,-25.5624198914
1543252175018410732,-26.3276348114
1543252175021976504,-25.4232902527
1543252175053403450,-27.5798053741
1543252175057764636,-29.1798000336
1543252175075178183,-28.9711055756
1543252175106783618,-29.1102352142
1543252175123423365,-27.5102405548
1543252175140726964,-26.0493755341
1543252175178153269,-27.0928497314
1543252175180730032,-29.5971908569
1543252175184609449,-28.9015407562
1543252175210896565,-29.0406703949
1543252175222247628,-29.5971908569
1543252175224449237,-29.5971908569
1543252175235587853,-28.3450202942
1543252175256377849,-28.4841499329
1543252175259221383,-28.4841499329
1543252175280578460,-27.3015441895
1543252175283074026,-27.0232849121
1543252175293995820,-28.6232795715
1543252175305144696,-29.7363204956
1543252175325256777,-28.9015407562
1543252175340689548,-28.5537147522
1543252175342895635,-26.6754608154
1543252175353206493,-25.4232902527
1543252175364261150,-25.9798107147
1543252175374487529,-26.8145904541
1543252175384961147,-28.2058906555
1543252175395039869,-28.0667610168
1543252175405382289,-28.4145851135
1543252175415572678,-28.7624092102
1543252175425451974,-27.9276294708
1543252175436257049,-25.0058994293
1543252175447228895,-23.4754695892
1543252175457791158,-23.5450344086
1543252175468600556,-25.9798107147
1543252175479239641,-27.3015441895
1543252175488827741,-26.5363292694
1543252175499122192,-24.8667697906
1543252175509512372,-23.6841659546
1543252175519873802,-22.6406898499
1543252175530888668,-22.2928657532
1543252175541216557,-20.1363506317
1543252175551669133,-20.4146099091
1543252175561481554,-20.2754802704
1543252175571941422,-20.8320007324
1543252175582168530,-20.9711303711
1543252175592152930,-20.9015655518
1543252175602543735,-21.2493896484
1543252175612588604,-20.8320007324
1543252175623341231,-20.9711303711
1543252175633507505,-20.8320007324
1543252175644056748,-18.884180069
1543252175654282449,-18.7450504303
1543252175665622835,-18.6059207916
1543252175674998539,-19.2320041656
1543252175685275490,-19.9276542664
1543252175695246661,-20.3450450897
1543252175706470381,-21.4580860138
1543252175716502645,-21.6667804718
1543252175726710586,-20.6233043671
1543252175736800143,-19.2320041656
1543252175747157719,-18.884180069
1543252175757638055,-17.6320095062
1543252175768130422,-16.0320148468
1543252175779417423,-14.6407146454
1543252175790487289,-15.7537555695
1543252175801025333,-16.7972297668
1543252175811249993,-18.675485611
1543252175821941006,-19.3711357117
1543252175832273634,-19.092874527
1543252175843470166,-17.1450557709
1543252175853753628,-16.1015796661
1543252175864699171,-15.2667999268
1543252175875301539,-15.5450601578
1543252175886434894,-14.9885396957
1543252175897903196,-15.1972351074
1543252175910325611,-17.5624446869
1543252175927778376,-18.1189651489
1543252175945726869,-20.8320007324
1543252175965915304,-22.9885158539
1543252175981538230,-21.2493896484
1543252176003064787,-19.2320041656
1543252176022759004,-18.3972244263
1543252176043437750,-16.9363594055
1543252176062371137,-17.1450557709
1543252176080372651,-15.4754953384
1543252176098049790,-15.2667999268
1543252176115499326,-14.7102804184
1543252176133243445,-15.1276702881
1543252176151344490,-14.8494100571
1543252176168492308,-13.8754997253
1543252176186017625,-9.5624704361
1543252176203013412,-8.4494304657
1543252176220550500,-6.36248016357
1543252176238170817,-6.43204498291
1543252176254924678,-6.08421993256
1543252176273272285,-1.07554006577
1543252176292131036,-1.14510512352
1543252176308455211,-2.11901521683
1543252176331384940,-4.55379009247
1543252176345181517,-5.66683006287
1543252176362393763,-2.95379519463
1543252176380592151,0.176629886031
1543252176397682990,5.60269975662
1543252176416874553,4.35052967072
1543252176433739768,2.61140489578
1543252176455305074,0.107064880431
1543252176473232004,0.176629886031
1543252176493768668,5.18530988693
1543252176511701796,8.87225532532
1543252176546172068,8.66355991364
1543252176560990361,7.41138982773
1543252176564937069,5.53313493729
1543252176582583584,5.18530988693
1543252176603903161,7.48095464706
1543252176621747071,6.99399995804
1543252176638961139,8.03747463226
1543252176657189788,7.13313007355
1543252176675440103,7.55051994324
1543252176692980160,7.89834499359
1543252176720292742,7.41138982773
1543252176728814126,9.49833965302
1543252176746053454,11.0287694931
1543252176780800808,9.49833965302
1543252176784392621,8.66355991364
1543252176802095229,8.31573486328
1543252176819805911,8.5939950943
1543252176854134776,8.94182014465
1543252176871957020,9.84616470337
1543252176875948623,8.31573486328
1543252176910592488,6.99399995804
1543252176913316856,8.31573486328
1543252176936113461,8.17660522461
1543252176952691593,9.84616470337
1543252176972506383,8.03747463226
1543252176990811073,9.220079422
1543252177022314477,11.4461603165
1543252177026261706,11.7939844131
1543252177045099937,11.3070297241
1543252177063639939,12.3505048752
1543252177083292125,12.5592002869
1543252177099918330,12.4896345139
1543252177116622139,11.7244195938
1543252177134119644,9.7070350647
1543252177152090897,10.7505102158
1543252177183158157,10.5418148041
1543252177186318617,9.7070350647
1543252177204472526,12.4896345139
1543252177237352802,17.9852695465
1543252177254468902,20.2809143066
1543252177259464617,17.0809249878
1543252177288094957,14.2287597656
1543252177296493944,16.7330989838
1543252177333683896,19.0983104706
1543252177350835204,20.489610672
1543252177354561808,19.5156993866
1543252177373485507,21.254825592
1543252177392228633,18.5417900085
1543252177408859890,20.489610672
1543252177427715621,22.1591701508
1543252177444736772,21.3939552307
1543252177461840060,20.2113494873
1543252177481002820,17.9157047272
1543252177515663091,16.1765804291
1543252177518763187,18.5417900085
1543252177536830117,22.6461257935
1543252177559915992,25.1504650116
1543252177573223092,28.2113246918
1543252177591455126,25.0809001923
1543252177609761587,25.7069854736
1543252177628578567,26.959154129
1543252177665516904,26.2635040283
1543252177685559923,28.3504543304
1543252177689056580,32.3156585693
1543252177706064816,32.3852233887
1543252177723662008,28.3504543304
1543252177740578889,28.5591506958
1543252177757853217,29.6026248932
1543252177775752856,24.6635093689
1543252177793311038,23.3417739868
1543252177810560939,25.4982891083
1543252177842156739,28.1417598724
1543252177847147142,24.9417705536
1543252177879019244,25.2200298309
1543252177885164748,28.2113246918
1543252177916479403,30.7156658173
1543252177920367309,29.3939304352
1543252177940489025,29.1156692505
1543252177957677729,26.959154129
1543252177977185697,27.2374153137
1543252178015493250,29.1852340698
1543252178020000217,32.7330513
1543252178037980012,30.4374046326
1543252178056304129,28.4895839691
1543252178074872933,32.8026161194
1543252178091502367,33.4286994934
1543252178108593571,33.2200050354
1543252178139635518,32.3156585693
1543252178143847746,33.6373939514
1543252178176020576,35.4460830688
1543252178178175362,36.8373832703
1543252178213041257,33.9852180481
1543252178228330382,31.6895751953
1543252178235927549,32.1765289307
1543252178268948762,34.9591293335
1543252178291934898,32.454788208
1543252178309547402,29.7417545319
1543252178329418026,28.1417598724
1543252178334906240,25.567855835
1543252178366665112,26.959154129
1543252178369656563,28.1417598724
1543252178388853907,27.9330654144
1543252178406727296,23.6200351715
1543252178423448657,22.9939498901
1543252178460173193,19.93309021
1543252178465285575,21.3939552307
1543252178499352879,21.7417793274
1543252178502497558,22.4374294281
1543252178521384798,23.7591648102
1543252178546538480,23.0635147095
1543252178579699224,23.8287296295
1543252178598865891,25.2200298309
1543252178616681780,25.0113353729
1543252178617880266,24.9417705536
1543252178627530605,25.1504650116
1543252178640633434,24.0374240875
1543252178651048354,22.7852554321
1543252178662586291,22.9243850708
1543252178672986992,26.1243743896
1543252178683561808,26.8895893097
1543252178693656937,26.6808948517
1543252178704463730,26.1243743896
1543252178716288646,24.3852500916
1543252178726212369,22.7852554321
1543252178747812519,19.724395752
1543252178748852516,19.724395752
1543252178767789236,20.4200439453
1543252178778908893,20.5591754913
1543252178789056679,21.1852607727
1543252178790931778,22.4374294281
1543252178809853341,23.7591648102
1543252178820180240,22.1591701508
1543252178831676772,21.254825592
1543252178841452787,19.2374401093
1543252178851076615,19.1678752899
1543252178853312130,18.3330955505
1543252178864333558,16.2461452484
1543252178873718950,14.7157144547
1543252178883944078,13.5331096649
1543252178903205224,12.9070253372
1543252178904681053,14.2287597656
1543252178915082067,15.5504951477
1543252178934328057,16.2461452484
1543252178944205426,16.5244045258
1543252178945829328,16.8722305298
1543252178956018519,16.6635341644
1543252178966337710,16.1070156097
1543252178976083412,14.1591949463
1543252178986621248,13.9504995346
1543252178997155230,13.8113698959
1543252179007246453,12.6287651062
1543252179017341582,12.9070253372
1543252179027486086,13.3244152069
1543252179047219001,12.9070253372
1543252179056863506,12.3505048752
1543252179060120164,12.3505048752
1543252179078016574,11.1679000854
1543252179082720832,8.31573486328
1543252179092513462,9.98529529572
1543252179100399066,10.9592046738
1543252179110491903,11.2374649048
1543252179128986801,10.0548601151
1543252179139142346,9.63747024536
1543252179141324945,9.49833965302
1543252179151958978,8.38529968262
1543252179171079239,7.06356477737
1543252179182231501,7.27225971222
1543252179182847905,6.85486984253
1543252179202450509,7.27225971222
1543252179212022254,8.24617004395
1543252179213490270,8.73312473297
1543252179223940503,7.41138982773
1543252179233903236,5.6722650528
1543252179245069925,3.72444486618
1543252179253926567,3.02879476547
1543252179274188231,3.30705499649
1543252179274712865,3.37661981583
1543252179284835598,3.09835982323
1543252179295090362,4.62878990173
1543252179305612001,5.18530988693
1543252179328863656,5.18530988693
1543252179347203399,6.29834985733
1543252179350712139,5.46357011795
1543252179373301713,3.09835982323
1543252179406107718,-0.310325115919
1543252179409926562,-1.63206017017
1543252179463477720,1.22010493279
1543252179463700688,1.98531985283
1543252179468280259,1.35923492908
1543252179489604941,-1.07554006577
1543252179504901670,-2.25814509392
1543252179522813080,-1.63206017017
1543252179541657248,0.0374998822808
1543252179559806470,0.246194884181
1543252179577041892,2.19401478767
1543252179595867362,2.26357984543
1543252179614570853,1.70705986023
1543252179644435980,2.68096995354
1543252179652504448,1.49836492538
1543252179670704607,-1.56249511242
1543252179707369821,-1.21467006207
1543252179709935439,-0.032065115869
1543252179726460029,-0.727715134621
1543252179743559358,-1.56249511242
1543252179761572278,-1.14510512352
1543252179779440719,-1.97988510132
1543252179797431140,-2.81466507912
1543252179817200149,-4.90161514282
1543252179835609318,-4.27553033829
1543252179860866385,-3.16249012947
1543252179897491859,-4.97117996216
1543252179903010281,-3.99727010727
1543252179923222466,-6.98856496811
1543252179942265904,-6.77987003326
1543252179973392122,-5.87552499771
1543252179992838997,-6.77987003326
1543252179995960551,-4.76248502731
1543252180011808685,-3.71901011467
1543252180043655213,-2.46684002876
1543252180064260001,-3.23205518723
1543252180085486559,-5.59726524353
1543252180090435347,-5.87552499771
1543252180109351598,-3.30162000656
1543252180127745351,-3.85814023018
1543252180158727559,-3.99727010727
1543252180180842447,-3.78857517242
1543252180184794519,-7.05813026428
1543252180203922384,-10.1885547638
1543252180221983950,-8.24073505402
1543252180252303087,-7.47552013397
1543252180256343232,-7.19725990295
1543252180273882872,-8.24073505402
1543252180293084487,-9.97986030579
1543252180328088976,-9.14508056641
1543252180339140040,-6.22335004807
1543252180351928078,-8.37986469269
1543252180370136727,-11.2320299149
1543252180399181284,-14.4320201874
1543252180405837828,-13.4581098557
1543252180424601371,-12.7624597549
1543252180443114550,-13.805934906
1543252180475261182,-15.1276702881
1543252180495484044,-14.9189748764
1543252180498733775,-14.7102804184
1543252180516580654,-14.8494100571
1543252180536703464,-14.571149826
1543252180564910315,-13.527674675
1543252180574714351,-14.571149826
1543252180592752844,-15.5450601578
1543252180611744615,-15.5450601578
1543252180630748314,-15.3363647461
1543252180665375512,-15.7537555695
1543252180667592225,-15.5450601578
1543252180688112273,-15.1972351074
1543252180706260974,-14.6407146454
1543252180724258842,-14.4320201874
1543252180743030042,-16.5885353088
1543252180760256505,-15.0581054688
1543252180778395050,-17.0059242249
1543252180797323020,-16.7972297668
1543252180815265888,-16.5189704895
1543252180848883974,-18.2580947876
1543252180853037400,-16.5885353088
1543252180871977662,-16.0320148468
1543252180889088501,-16.4494056702
1543252180906906630,-15.4059305191
1543252180924411999,-17.5624446869
1543252180943233615,-21.4580860138
1543252180960994609,-24.727640152
1543252180979022112,-26.8145904541
1543252180998995131,-24.0319900513
1543252181016384146,-20.4146099091
1543252181035462793,-18.2580947876
1543252181072073215,-18.7450504303
1543252181088188015,-24.8667697906
1543252181106453070,-26.0493755341
1543252181110570819,-23.7537307739
1543252181129340768,-23.7537307739
1543252181146162181,-22.5015602112
1543252181162995000,-23.2667751312
1543252181181025264,-26.5363292694
1543252181197807093,-23.4754695892
1543252181218068757,-21.1102600098
1543252181249610131,-20.9015655518
1543252181253272621,-20.9015655518
1543252181270587522,-20.9711303711
1543252181290485749,-26.4667644501
1543252181308554763,-23.8232955933
1543252181342934462,-22.4319953918
1543252181349794964,-23.0580806732
1543252181381877065,-22.2928657532
1543252181393326565,-23.1972103119
1543252181403055705,-23.6841659546
1543252181420572116,-22.4319953918
1543252181438830244,-23.9624252319
1543252181461592787,-25.0058994293
1543252181482247314,-24.6580753326
1543252181501307002,-24.3798160553
1543252181519767682,-23.1972103119
1543252181532477126,-24.518945694
1543252181542427047,-26.9537200928
1543252181553127331,-28.6928443909
1543252181563836781,-29.8754501343
1543252181574536388,-28.4145851135
1543252181584849433,-27.3711109161
1543252181595042739,-26.0493755341
1543252181605590523,-24.7972049713
1543252181615707631,-25.4232902527
1543252181626422914,-26.6058959961
1543252181636496637,-28.2754554749
1543252181647569159,-28.2754554749
1543252181657926110,-27.6493701935
1543252181671946176,-26.8841552734
1543252181681668494,-26.3971996307
1543252181692213153,-25.9798107147
1543252181702874114,-25.70154953
1543252181714849081,-25.1450309753
1543252181723537495,-24.4493808746
1543252181734888402,-23.1972103119
1543252181745185406,-23.8232955933
1543252181755499544,-24.1711196899
1543252181766146807,-24.1711196899
1543252181776293707,-24.518945694
1543252181786675033,-24.1015548706
1543252181797517556,-25.3537254333
1543252181807141957,-26.1189403534
1543252181817592397,-25.9102458954
1543252181827951015,-24.8667697906
1543252181840274940,-24.6580753326
1543252181850523350,-25.1450309753
1543252181860836708,-26.3276348114
1543252181871461523,-27.0928497314
1543252181882123056,-27.1624145508
1543252181892778600,-27.5102405548
1543252181903129562,-26.6754608154
1543252181913682450,-25.70154953
1543252181923953256,-23.5450344086
1543252181934464165,-22.7102546692
1543252181947848608,-22.8493843079
1543252181958187434,-23.6145992279
1543252181968806885,-24.3102493286
1543252181979577585,-25.4232902527
1543252181989919484,-28.4145851135
1543252182003399291,-28.6232795715
1543252182013621503,-26.4667644501
1543252182024838139,-25.2145957947
1543252182034860977,-24.8667697906
1543252182044970012,-24.0319900513
1543252182056070815,-23.4059047699
1543252182066639172,-23.0580806732
1543252182077351852,-25.2145957947
1543252182089116091,-26.5363292694
1543252182098988199,-27.3015441895
1543252182108752131,-29.2493648529
1543252182120656214,-29.3884944916
1543252182131662226,-28.7624092102
1543252182141797875,-26.3971996307
1543252182152877220,-25.70154953
1543252182162896672,-25.4232902527
1543252182172520084,-25.8406791687
1543252182183506304,-25.2145957947
1543252182194330910,-25.4232902527
1543252182204598279,-24.518945694
1543252182215529759,-24.518945694
1543252182225734940,-25.70154953
1543252182240625994,-25.1450309753
1543252182258563966,-24.3798160553
1543252182277725841,-23.2667751312
1543252182294964128,-23.9624252319
1543252182313476943,-25.3537254333
1543252182333105431,-26.0493755341
1543252182365367844,-25.8406791687
1543252182383043994,-23.4059047699
1543252182386423985,-22.1537342072
1543252182403697532,-22.3624305725
1543252182421549046,-21.9450397491
1543252182439251238,-24.2406845093
1543252182456718899,-26.3276348114
1543252182474343800,-28.6928443909
1543252182492131512,-24.8667697906
1543252182510377765,-25.1450309753
1543252182528510580,-21.5276508331
1543252182546012304,-20.1363506317
1543252182565238606,-18.884180069
1543252182584961261,-19.7885246277
1543252182605001832,-21.6667804718
1543252182622615899,-19.858089447
1543252182640123664,-17.4928798676
1543252182657762939,-17.2841854095
1543252182675226590,-16.5885353088
1543252182693684144,-15.3363647461
1543252182711197482,-13.8754997253
1543252182729185038,-12.6928949356
1543252182747700613,-14.5015850067
1543252182765514784,-12.2059402466
1543252182784147910,-15.1276702881
1543252182802355726,-16.2407093048
1543252182820620208,-15.4754953384
1543252182838700836,-14.2233247757
1543252182856257820,-12.4146347046
1543252182873870845,-10.6059455872
1543252182892068712,-9.84072971344
1543252182909701581,-10.6059455872
1543252182928501687,-8.31029987335
1543252182947399344,-8.10160541534
1543252182966377834,-8.51899528503
1543252182985807105,-7.12769508362
1543252183004107732,-9.14508056641
1543252183023281535,-7.75377988815
1543252183042117942,-8.24073505402
1543252183059308938,-5.87552499771
1543252183091452705,-3.78857517242
1543252183094787435,-3.78857517242
1543252183113153115,-4.69292020798
1543252183131866606,-5.04074525833
1543252183150573326,-3.92770504951
1543252183168561507,-2.39727520943
1543252183186816510,0.0374998822808
1543252183207336975,2.26357984543
1543252183241317821,1.35923492908
1543252183246833222,-1.21467006207
1543252183263204324,-1.91032016277
1543252183282005627,-0.658150136471
1543252183299227196,0.524454891682
1543252183318054749,1.56792986393
1543252183350713619,2.95922994614
1543252183353805850,1.28966987133
1543252183370892679,2.54183983803
1543252183387570498,5.1157450676
1543252183405350450,4.21140003204
1543252183421916187,7.34182500839
1543252183444483105,4.76792001724
1543252183456737135,4.83748483658
1543252183474766044,4.90704965591
1543252183506969186,6.71573972702
1543252183525310230,7.13313007355
1543252183532331305,5.25487470627
1543252183551513962,3.51574993134
1543252183573323538,5.95052480698
1543252183592843694,8.73312473297
1543252183614460510,9.63747024536
1543252183632981033,9.56790447235
1543252183648582293,9.35921001434
1543252183656109304,7.62008476257
1543252183666772661,6.85486984253
1543252183676875342,7.62008476257
1543252183687576302,8.45486450195
1543252183708932963,9.28964519501
1543252183718472886,11.5852899551
1543252183720530328,10.8896398544
1543252183730960664,9.7070350647
1543252183741411626,9.63747024536
1543252183751447172,8.73312473297
1543252183769691497,7.13313007355
1543252183770990765,7.82877969742
1543252183790679409,9.08094978333
1543252183811350187,9.63747024536
1543252183812536069,11.0287694931
1543252183821934377,10.9592046738
1543252183831612163,10.3331203461
1543252183842781768,9.98529529572
1543252183843980672,7.89834499359
1543252183854114707,7.34182500839
1543252183865497124,6.78530502319
1543252183883807543,7.27225971222
1543252183893669548,7.96790981293
1543252183896546207,8.45486450195
1543252183907080449,9.220079422
1543252183925440295,10.5418148041
1543252183927759403,10.1244249344
1543252183939289008,9.42877483368
1543252183950388509,9.28964519501
1543252183961311240,9.91572952271
1543252183972144544,11.6548547745
1543252183982803890,10.7505102158
1543252184003446595,9.7070350647
1543252184014189951,8.03747463226
1543252184024709037,8.31573486328
1543252184025781066,8.17660522461
1543252184037473899,10.0548601151
1543252184048259807,10.6809444427
1543252184058118374,10.1244249344
1543252184068711418,9.7070350647
1543252184078591340,9.7070350647
1543252184088990739,10.6113796234
1543252184099721335,14.1591949463
1543252184110238129,16.1765804291
1543252184120196384,17.1504898071
1543252184132284268,15.6896247864
1543252184141627107,13.4635448456
1543252184151856402,11.2374649048
1543252184161836323,9.98529529572
1543252184172031921,8.31573486328
1543252184182423715,9.08094978333
1543252184192814000,11.6548547745
1543252184203338346,12.0026798248
1543252184213564360,13.1157197952
1543252184223514438,13.6722402573
1543252184233433890,13.0461549759
1543252184243697039,12.2113752365
1543252184253889877,9.49833965302
1543252184264280994,10.6113796234
1543252184275809140,11.9331150055
1543252184286248643,12.9765901566
1543252184296612990,12.2809400558
1543252184308476448,12.9765901566
1543252184318758347,15.2026700974
1543252184329949359,17.0809249878
1543252184345808691,19.3765697479
1543252184376122828,17.6374454498
1543252184379297038,18.8896141052
1543252184396673189,23.1330795288
1543252184413508872,20.0026550293
1543252184433566422,23.0635147095
1543252184452969703,22.4374294281
1543252184469323982,16.1765804291
1543252184487166694,18.2635307312
1543252184505282947,17.2200546265
1543252184524875967,18.9591808319
1543252184579990975,20.0722198486
1543252184580109568,17.1504898071
1543252184583139195,17.3591842651
1543252184602191279,19.2374401093
1543252184621129353,18.2635307312
1543252184638308994,20.906999588
1543252184656437070,21.5330848694
1543252184688784431,20.5591754913
1543252184692369213,23.0635147095
1543252184727452555,22.7156906128
1543252184732175303,22.7852554321
1543252184768606819,23.2722091675
1543252184772555402,26.0548095703
1543252184790726343,26.8895893097
1543252184808570566,23.8287296295
1543252184844423177,19.0983104706
1543252184861676516,22.3678646088
1543252184880895110,24.8722057343
1543252184884138382,28.0026302338
1543252184901178076,32.1069641113
1543252184918831726,29.8808841705
1543252184937900685,24.6635093689
1543252184954553140,21.6722145081
1543252184972003041,18.6809196472
1543252184988402528,20.0722198486
1543252185005443575,24.9417705536
1543252185022704779,29.3939304352
1543252185040866448,28.4895839691
1543252185056834999,24.1765556335
1543252185074355420,21.9504756927
1543252185091684697,24.5939445496
1543252185109815481,28.2808895111
1543252185132958543,30.0895805359
1543252185146057258,32.3156585693
1543252185172905050,28.9069747925
1543252185182227889,26.6113300323
1543252185200211487,28.5591506958
1543252185218677687,28.1417598724
1543252185236249098,28.6287155151
1543252185270569838,32.9417457581
1543252185271990720,29.5330600739
1543252185288907133,25.2200298309
1543252185308495413,22.8548202515
1543252185329677752,26.6113300323
1543252185352607690,25.3591594696
1543252185370961598,24.1765556335
1543252185388551030,22.4374294281
1543252185406925147,22.3678646088
1543252185422806510,20.906999588
1543252185441891876,21.3243904114
1543252185460787241,24.9417705536
1543252185477500842,26.333070755
1543252185495241211,25.9156799316
1543252185516484695,23.5504703522
1543252185534475636,20.0026550293
1543252185560295879,17.0809249878
1543252185578446871,17.4287490845
1543252185597357133,19.3070049286
1543252185631569488,17.4983158112
1543252185636234528,16.7330989838
1543252185655678538,17.3591842651
1543252185673959999,16.4548397064
1543252185691830992,16.3852748871
1543252185711276408,18.4722251892
1543252185728716101,17.4983158112
1543252185748221881,16.1070156097
1543252185767223028,17.5678806305
1543252185785714801,17.8461399078
1543252185802934494,17.3591842651
1543252185820947102,16.5939693451
1543252185853042223,15.620059967
1543252185857708461,15.620059967
1543252185877632834,14.7852802277
1543252185897725332,16.4548397064
1543252185916701478,17.4287490845
1543252185956358142,16.8026657104
1543252185977146263,16.7330989838
1543252185981619741,16.8722305298
1543252186003724577,16.9417953491
1543252186021502862,15.341799736
1543252186040084687,15.9678850174
1543252186055818134,16.8026657104
1543252186083388216,17.3591842651
1543252186092104494,19.0983104706
1543252186109427364,17.7070102692
1543252186131329545,16.0374507904
1543252186163613937,11.7244195938
1543252186167206948,8.87225532532
1543252186185023931,10.2635545731
1543252186202360863,13.1852846146
1543252186219278265,7.62008476257
1543252186237141498,6.99399995804
1543252186254404264,5.25487470627
1543252186272966141,1.01140987873
1543252186306022198,0.802714884281
1543252186308617191,1.28966987133
1543252186326701309,-1.35380005836
1543252186344521469,-0.449455112219
1543252186362589545,-0.310325115919
1543252186382495273,-0.379890114069
1543252186400432151,-1.28423511982
1543252186433920134,-1.70162510872
1543252186436135649,1.08097493649
1543252186468367697,5.1157450676
1543252186471565032,3.93313980103
1543252186491795029,3.72444486618
1543252186512294610,5.25487470627
1543252186529996437,5.95052480698
1543252186547440660,7.34182500839
1543252186565962069,5.6722650528
1543252186599028698,5.95052480698
1543252186616240214,6.29834985733
1543252186624187589,7.89834499359
1543252186659931971,9.08094978333
1543252186661073999,11.7244195938
1543252186683370866,11.9331150055
1543252186701293891,10.2635545731
1543252186719664414,6.15921974182
1543252186736107390,4.21140003204
1543252186769292613,7.55051994324
1543252186787846470,11.5157251358
1543252186790781045,9.28964519501
1543252186826428084,6.85486984253
1543252186842746530,6.57661008835
1543252186853591917,5.46357011795
1543252186870869058,4.62878990173
1543252186888387240,4.5592250824
1543252186923506311,10.4722499847
1543252186925589275,3.58531498909
1543252186946757863,4.28096485138
1543252186978226893,2.75053477287
1543252186982060372,6.36791467667
1543252187015926114,6.92443466187
1543252187018137931,4.28096485138
1543252187035780748,1.22010493279
1543252187053632418,1.70705986023
1543252187072134608,3.51574993134
1543252187098206621,4.62878990173
1543252187109050810,3.51574993134
1543252187126392326,2.05488491058
1543252187145993263,0.0374998822808
1543252187165654199,0.454889893532
1543252187187263151,1.63749492168
1543252187203866752,0.315759897232
1543252187222030714,-1.56249511242
1543252187240299206,-4.41465997696
1543252187258147127,-4.69292020798
1543252187277079159,-1.84075510502
1543252187297287229,-0.310325115919
1543252187317352123,0.315759897232
1543252187337224882,0.176629886031
1543252187356455611,-6.36248016357
1543252187376221443,-11.5798549652
1543252187394252019,-7.75377988815
1543252187426628859,2.12444996834
1543252187431644210,1.22010493279
1543252187464277507,-3.64944505692
1543252187466577345,-6.64073991776
1543252187484614432,-2.74510002136
1543252187507398954,-2.11901521683
1543252187520182252,-0.519020140171
1543252187547321085,-3.85814023018
1543252187555418043,-8.65812492371
1543252187585507805,-4.83205032349
1543252187589321232,-0.310325115919
1543252187609042689,-0.449455112219
1543252187626774881,-3.85814023018
1543252187644363063,-4.41465997696
1543252187661586193,-4.55379009247
1543252187682103169,-4.83205032349
1543252187701199472,-4.69292020798
1543252187717630105,-6.22335004807
1543252187735423025,0.107064880431
1543252187753052978,-0.449455112219
1543252187773106778,-4.97117996216
1543252187791352406,-5.45813512802
1543252187808967306,-6.57117509842
1543252187827126267,-5.7363948822
1543252187860657375,-5.45813512802
1543252187882899554,-5.7363948822
1543252187882949710,-4.76248502731
1543252187898754303,-2.11901521683
1543252187931127549,0.0374998822808
1543252187935709828,-1.70162510872
1543252187951814212,-5.52769994736
1543252187970873744,-5.04074525833
1543252187988509165,-2.18858003616
1543252188006728751,-1.97988510132
1543252188036806014,-4.06683492661
1543252188041061367,-5.45813512802
1543252188072960239,-3.71901011467
1543252188077748820,-2.46684002876
1543252188095034086,-1.49293017387
1543252188112786069,-3.09292507172
1543252188133190233,-4.90161514282
1543252188152608097,-5.179874897
1543252188172482001,-7.68421506882
1543252188205400506,-7.75377988815
1543252188209718151,-6.08421993256
1543252188227190916,-4.90161514282
1543252188244373630,-5.59726524353
1543252188263250402,-6.22335004807
1543252188282333736,-10.8146400452
1543252188300884311,-7.54508495331
1543252188318663638,-3.57987999916
1543252188339912591,-4.13640022278
1543252188357535096,-5.7363948822
1543252188375669109,-9.35377502441
1543252188394636350,-7.05813026428
1543252188411881876,-6.01465511322
1543252188445293504,-9.21464538574
1543252188466199698,-9.0755147934
1543252188469391721,-9.63203525543
1543252188487076413,-8.51899528503
1543252188508527709,-9.84072971344
1543252188542830377,-11.5798549652
1543252188549010777,-9.91029548645
1543252188581579022,-3.57987999916
1543252188593037012,-5.66683006287
1543252188630788160,-9.7711648941
1543252188634375650,-9.42333984375
1543252188651117897,-6.71030521393
1543252188666121294,-9.49290466309
1543252188676661005,-9.0755147934
1543252188687657486,-7.26682519913
1543252188698045583,-5.59726524353
1543252188708666023,-4.41465997696
1543252188719449327,-4.83205032349
1543252188730092423,-5.7363948822
1543252188750397472,-5.80596017838
1543252188760355050,1.01140987873
1543252188771890748,-0.86684513092
1543252188774544543,-7.33639001846
1543252188794232094,-9.35377502441
1543252188796427244,-9.35377502441
1543252188807857630,-7.05813026428
1543252188818295935,-7.33639001846
1543252188838673588,-8.79725551605
1543252188840784624,-9.5624704361
1543252188860898737,-9.84072971344
1543252188862114931,-9.49290466309
1543252188881134463,-9.91029548645
1543252188882970552,-9.63203525543
1543252188893774481,-8.65812492371
1543252188904006537,-8.4494304657
1543252188922550914,-9.00594997406
1543252188924446378,-10.1189899445
1543252188937530405,-9.70160007477
1543252188948288553,-9.91029548645
1543252188968882247,-14.5015850067
1543252188971800156,-16.8667945862
1543252188981202474,-14.4320201874
1543252189000360495,-13.805934906
1543252189002383094,-14.571149826
1543252189021929656,-13.9450654984
1543252189023270694,-11.9972448349
1543252189033542333,-11.3015947342
1543252189052567282,-11.3015947342
1543252189054858213,-12.2755050659
1543252189065680527,-13.4581098557
1543252189084414227,-14.084195137
1543252189094343731,-14.2233247757
1543252189105608597,-14.7102804184
1543252189106981249,-14.9885396957
1543252189117198566,-14.362455368
1543252189127556350,-13.8754997253
1543252189138094342,-14.5015850067
1543252189148726970,-14.6407146454
1543252189159534128,-13.9450654984
1543252189171277534,-14.2233247757
1543252189191623052,-16.3798408508
1543252189193958671,-17.4233150482
1543252189204829944,-19.997220993
1543252189224970254,-22.8493843079
1543252189235240330,-24.6580753326
1543252189248443003,-24.3102493286
1543252189257739228,-22.2928657532
1543252189268649563,-20.4841747284
1543252189270889244,-19.5798301697
1543252189281755257,-19.3711357117
1543252189291939031,-18.675485611
1543252189302329055,-18.1885299683
1543252189324325819,-18.1189651489
1543252189328457214,-15.8233203888
1543252189338747551,-14.9885396957
1543252189359501453,-17.1450557709
1543252189359900567,-18.3276596069
1543252189375899065,-19.3015708923
1543252189404803414,-20.3450450897
1543252189407898770,-22.7798194885
1543252189426442210,-20.9015655518
1543252189444385391,-19.649394989
1543252189476033951,-20.9711303711
1543252189495336139,-22.2928657532
1543252189506690535,-22.9189510345
1543252189519753625,-23.6145992279
1543252189553072597,-23.8232955933
1543252189569538386,-22.9885158539
1543252189573552490,-21.8059101105
1543252189590018123,-21.4580860138
1543252189607380107,-20.1363506317
1543252189626153650,-19.0233097076
1543252189643235896,-16.6581001282
1543252189660439287,-19.3711357117
1543252189681758917,-20.6233043671
1543252189702944589,-20.4146099091
1543252189719949178,-19.997220993
1543252189737325642,-20.7624359131
1543252189753206172,-22.6406898499
1543252189771562060,-22.0841693878
1543252189789248470,-22.7798194885
1543252189807990295,-24.3798160553
1543252189826693890,-24.1711196899
1543252189843421761,-24.0319900513
1543252189862269575,-24.0319900513
1543252189883677486,-20.9711303711
1543252189901407282,-19.440700531
1543252189919589837,-18.6059207916
1543252189954569795,-21.3885192871
1543252189958837804,-22.5711250305
1543252189977013015,-21.5276508331
1543252189999095195,-20.2754802704
1543252190016656138,-18.3276596069
1543252190049915631,-18.884180069
1543252190054601712,-21.5276508331
1543252190074452857,-21.5276508331
1543252190093612440,-20.1363506317
1543252190110923435,-19.997220993
1543252190128839481,-20.4841747284
1543252190162816368,-20.3450450897
1543252190164677144,-20.9015655518
1543252190188590048,-20.4841747284
1543252190202709906,-22.8493843079
1543252190222537874,-23.4059047699
1543252190237619760,-21.4580860138
1543252190255725024,-20.5537395477
1543252190274006641,-23.0580806732
1543252190290930814,-21.0406951904
1543252190307435457,-20.205915451
1543252190324090933,-20.5537395477
1543252190349587999,-21.8059101105
1543252190368826437,-20.7624359131
1543252190385567642,-20.5537395477
1543252190404998891,-21.0406951904
1543252190422823479,-19.7189598083
1543252190443826287,-20.3450450897
1543252190460929574,-20.4146099091
1543252190478692443,-19.5798301697
1543252190496011250,-22.0146045685
1543252190513575057,-24.518945694
1543252190531708081,-23.1972103119
1543252190566201633,-21.6667804718
1543252190566262935,-21.2493896484
1543252190583789503,-21.9450397491
1543252190600487843,-22.0146045685
1543252190618716179,-21.8754749298
1543252190637373264,-22.4319953918
1543252190655167018,-20.7624359131
1543252190672887127,-20.0667858124
1543252190689840258,-20.5537395477
1543252190707846512,-20.8320007324
1543252190725907921,-20.6928691864
1543252190742318971,-18.9537448883
1543252190759574393,-19.440700531
1543252190777386168,-18.3276596069
1543252190795345755,-16.9363594055
1543252190812931957,-14.6407146454
1543252190830943679,-13.7363700867
1543252190848179727,-16.2407093048
1543252190865232441,-19.2320041656
1543252190884153692,-18.6059207916
1543252190901301198,-16.2407093048
1543252190918278652,-13.805934906
1543252190936449072,-13.527674675
1543252190955722509,-16.2407093048
1543252190972852411,-15.1276702881
1543252191006092738,-15.0581054688
1543252191009722103,-16.3798408508
1543252191044577061,-17.2146205902
1543252191057977702,-16.9363594055
1543252191076301559,-13.3885450363
1543252191094588957,-13.040719986
1543252191097356658,-13.805934906
1543252191116873116,-16.1015796661
1543252191135627388,-17.3537502289
1543252191153462340,-18.1189651489
1543252191171661770,-17.2146205902
1543252191189278233,-17.0754909515
1543252191207862246,-14.9189748764
1543252191227208808,-16.1711444855
1543252191245509123,-17.7711410522
1543252191263979594,-18.9537448883
1543252191283455167,-14.2233247757
1543252191302403397,-11.4407253265
1543252191320542619,-13.597240448
1543252191338608872,-16.2407093048
1543252191371861230,-16.5189704895
1543252191375435179,-14.9189748764
1543252191394567106,-15.1276702881
1543252191414509240,-15.4059305191
1543252191448769877,-13.6668052673
1543252191452183201,-13.9450654984
1543252191471103671,-14.4320201874
1543252191506361232,-14.6407146454
1543252191524110663,-12.9711551666
1543252191527063051,-12.9711551666
1543252191561018845,-13.6668052673
1543252191565935133,-11.7885503769
1543252191584153678,-9.97986030579
1543252191602909409,-11.7189855576
1543252191618894366,-14.7798452377
1543252191638260667,-15.9624500275
1543252191656513327,-15.3363647461
1543252191675197443,-11.9972448349
1543252191693393800,-8.65812492371
1543252191725624963,-6.36248016357
1543252191732270257,-8.37986469269
1543252191750210678,-12.1363754272
1543252191766514800,-15.1276702881
1543252191784353815,-12.2755050659
1543252191802413402,-8.51899528503
1543252191821937620,-6.91900014877
1543252191841531629,-7.19725990295
1543252191858813041,-7.19725990295
1543252191894207998,-3.99727010727
1543252191897871477,-6.36248016357
1543252191916634343,-11.0233354568
1543252191934280910,-9.97986030579
1543252191964595933,-8.51899528503
1543252191969845033,-6.84943532944
1543252191987638891,-8.24073505402
1543252192005638270,-9.5624704361
1543252192022817911,-12.6233301163
1543252192058532502,-11.0929002762
1543252192060182758,-8.03203964233
1543252192111471318,-5.94509029388
1543252192115425057,-6.15378522873
1543252192131419441,-5.31900501251
1543252192134227350,-4.06683492661
1543252192152295114,-7.19725990295
1543252192169345953,-8.58856010437
1543252192201742793,-9.00594997406
1543252192204628358,-4.20596504211
1543252192222514976,-0.449455112219
1543252192241332582,-0.93641012907
1543252192260131698,-1.63206017017
1543252192278185764,-3.02336001396
1543252192311786923,-3.16249012947
1543252192331968118,-2.60597014427
1543252192365793756,-0.379890114069
1543252192366009797,1.22010493279
1543252192369906558,1.35923492908
1543252192388784007,1.91575491428
1543252192407596092,2.47227478027
1543252192425790730,2.95922994614
1543252192457944393,2.05488491058
1543252192462589329,4.5592250824
1543252192480092458,7.75921487808
1543252192514613615,8.66355991364
1543252192532423463,8.87225532532
1543252192534864550,4.97661495209
1543252192552262316,5.25487470627
1543252192569501905,10.6809444427
1543252192586878889,14.4374551773
1543252192619085000,13.7418050766
1543252192623197385,10.1939897537
1543252192640470515,7.68965005875
1543252192665445240,7.96790981293
1543252192696439531,10.1244249344
1543252192700660874,10.8200750351
1543252192734621251,11.0983352661
1543252192753177920,10.6809444427
1543252192756837545,11.3765945435
1543252192789673394,10.6113796234
1543252192793331040,11.0287694931
1543252192811757605,11.7939844131
1543252192848033237,13.3244152069
1543252192852973900,12.6287651062
1543252192886300581,12.4200696945
1543252192890254268,12.6287651062
1543252192908834895,9.77659988403
1543252192927460887,10.0548601151
1543252192947461614,9.98529529572
1543252192977865907,8.87225532532
1543252192984218234,7.96790981293
1543252193016489501,7.68965005875
1543252193032383885,9.63747024536
1543252193051547115,10.1244249344
1543252193054185389,9.08094978333
1543252193072972265,8.03747463226
1543252193105937020,9.08094978333
1543252193110326175,11.0983352661
1543252193128636854,12.2113752365
1543252193149515756,12.1418094635
1543252193167433000,10.9592046738
1543252193200447077,9.35921001434
1543252193203146653,8.17660522461
1543252193221705822,8.5939950943
1543252193240127752,8.80268955231
1543252193257879631,8.52443027496
1543252193287477988,9.35921001434
1543252193293337556,9.84616470337
1543252193333916874,9.7070350647
1543252193351276723,10.6809444427
1543252193354951817,12.5592002869
1543252193372588123,11.6548547745
1543252193390256097,9.220079422
1543252193423478195,6.57661008835
1543252193427586361,6.02009010315
1543252193445898394,6.43747997284
1543252193463889023,4.48965978622
1543252193481760016,5.04617977142
1543252193499675176,5.81139469147
1543252193517677784,4.28096485138
1543252193535338362,4.07226991653
1543252193560687199,2.61140489578
1543252193597672412,3.58531498909
1543252193610116597,5.39400482178
1543252193622069117,3.09835982323
1543252193639526518,2.75053477287
1543252193663667651,1.77662491798
1543252193674674913,2.75053477287
1543252193687944200,2.19401478767
1543252193699055732,2.12444996834
1543252193709377736,1.98531985283
1543252193719274167,1.98531985283
1543252193729877941,1.84618985653
1543252193740560464,1.42879986763
1543252193750625697,0.872279882431
1543252193761571241,0.315759897232
1543252193772076994,0.385324895382
1543252193782448268,0.524454891682
1543252193792627980,1.84618985653
1543252193803163629,2.26357984543
1543252193823459928,3.09835982323
1543252193825737474,2.82009983063
1543252193836321247,2.19401478767
1543252193846852521,1.98531985283
1543252193857455513,1.63749492168
1543252193867251581,1.22010493279
1543252193877194523,1.49836492538
1543252193887456318,1.08097493649
1543252193898276393,0.941844880581
1543252193908297355,1.08097493649
1543252193918534828,1.15053987503
1543252193929101622,0.524454891682
1543252193939642896,-0.171195119619
1543252193950079691,-0.797280132771
1543252193969317660,0.0374998822808
1543252193970630208,-0.101630114019
1543252193991298590,-0.240760117769
1543252193991869109,-0.449455112219
1543252194004284440,0.385324895382
1543252194023961418,1.28966987133
1543252194025899069,1.91575491428
1543252194046962086,2.19401478767
1543252194056896590,1.91575491428
1543252194069167078,0.594019889832
1543252194069296244,-0.658150136471
1543252194088251818,-1.70162510872
1543252194100540326,-1.42336511612
1543252194101971885,-1.56249511242
1543252194113924926,-0.86684513092
1543252194133129197,-0.379890114069
1543252194144048542,0.315759897232
1543252194146141245,1.49836492538
1543252194156590071,1.49836492538
1543252194175689707,-0.727715134621
1543252194186659365,-2.04945015907
1543252194188680610,-2.88423013687
1543252194198789697,-1.91032016277
1543252194217266626,-1.00597512722
1543252194219182611,-1.28423511982
1543252194239907607,-1.21467006207
1543252194241284582,-0.588585138321
1543252194251724242,-0.379890114069
1543252194263126919,0.594019889832
1543252194273499964,2.33314490318
1543252194283947748,2.47227478027
1543252194294109127,2.47227478027
1543252194313670272,0.663584887981
1543252194315506830,-0.032065115869
1543252194336512346,-0.101630114019
1543252194339620463,0.802714884281
1543252194351497827,0.733149886131
1543252194371199805,0.0374998822808
1543252194381269153,-0.101630114019
1543252194393249224,-1.28423511982
1543252194396686403,-1.35380005836
1543252194428113141,-1.77119016647
1543252194446977309,-0.658150136471
1543252194450314956,0.107064880431
